This IRTF/SpeX spectrum of Triton was published in:

Grundy, W.M., L.A. Young, J.A. Stansberry, M.W. Buie, C.B. Olkin, and
    E.F. Young 2010.  Near-infrared spectral monitoring of Triton
    with IRTF/SpeX II: Spatial distribution and evolution of ices.
    Icarus 205, 594-604.

Please cite this paper if you use these data, and read the paper to
understand the limitations of these normalized, resampled data.

This observation was obtained 2009/07/21 UT, at a mean time of 12.11 hours.
The mean sub-Earth (longitude,latitude) on Triton then was (71.7,-46.8).

Data columns are wavelength (microns), normalized albedo,
and 1 sigma uncertainty.

Regions of especially unreliable data are indicated by "NaN".

0.6700 NaN NaN
0.6703 NaN NaN
0.6706 NaN NaN
0.6709 NaN NaN
0.6712 NaN NaN
0.6715 NaN NaN
0.6718 NaN NaN
0.6721 NaN NaN
0.6724 NaN NaN
0.6727 NaN NaN
0.6731 NaN NaN
0.6734 NaN NaN
0.6737 NaN NaN
0.6740 NaN NaN
0.6743 NaN NaN
0.6746 NaN NaN
0.6749 NaN NaN
0.6752 NaN NaN
0.6755 NaN NaN
0.6758 NaN NaN
0.6761 NaN NaN
0.6764 NaN NaN
0.6767 NaN NaN
0.6770 NaN NaN
0.6773 NaN NaN
0.6777 NaN NaN
0.6780 NaN NaN
0.6783 NaN NaN
0.6786 NaN NaN
0.6789 NaN NaN
0.6792 NaN NaN
0.6795 NaN NaN
0.6798 NaN NaN
0.6801 NaN NaN
0.6804 NaN NaN
0.6807 NaN NaN
0.6811 NaN NaN
0.6814 NaN NaN
0.6817 NaN NaN
0.6820 NaN NaN
0.6823 NaN NaN
0.6826 NaN NaN
0.6829 NaN NaN
0.6832 NaN NaN
0.6835 NaN NaN
0.6838 NaN NaN
0.6842 NaN NaN
0.6845 NaN NaN
0.6848 NaN NaN
0.6851 NaN NaN
0.6854 NaN NaN
0.6857 NaN NaN
0.6860 NaN NaN
0.6863 NaN NaN
0.6866 NaN NaN
0.6870 NaN NaN
0.6873 NaN NaN
0.6876 NaN NaN
0.6879 NaN NaN
0.6882 NaN NaN
0.6885 NaN NaN
0.6888 NaN NaN
0.6891 NaN NaN
0.6895 NaN NaN
0.6898 NaN NaN
0.6901 NaN NaN
0.6904 NaN NaN
0.6907 NaN NaN
0.6910 NaN NaN
0.6913 NaN NaN
0.6917 NaN NaN
0.6920 NaN NaN
0.6923 NaN NaN
0.6926 NaN NaN
0.6929 NaN NaN
0.6932 NaN NaN
0.6935 NaN NaN
0.6939 NaN NaN
0.6942 NaN NaN
0.6945 NaN NaN
0.6948 NaN NaN
0.6951 NaN NaN
0.6954 NaN NaN
0.6958 NaN NaN
0.6961 NaN NaN
0.6964 NaN NaN
0.6967 NaN NaN
0.6970 NaN NaN
0.6973 NaN NaN
0.6977 NaN NaN
0.6980 NaN NaN
0.6983 NaN NaN
0.6986 NaN NaN
0.6989 NaN NaN
0.6992 NaN NaN
0.6996 NaN NaN
0.6999 NaN NaN
0.7002 NaN NaN
0.7005 NaN NaN
0.7008 NaN NaN
0.7012 NaN NaN
0.7015 NaN NaN
0.7018 NaN NaN
0.7021 NaN NaN
0.7024 NaN NaN
0.7027 NaN NaN
0.7031 NaN NaN
0.7034 NaN NaN
0.7037 NaN NaN
0.7040 NaN NaN
0.7043 NaN NaN
0.7047 NaN NaN
0.7050 NaN NaN
0.7053 NaN NaN
0.7056 NaN NaN
0.7059 NaN NaN
0.7063 NaN NaN
0.7066 NaN NaN
0.7069 NaN NaN
0.7072 NaN NaN
0.7076 NaN NaN
0.7079 NaN NaN
0.7082 NaN NaN
0.7085 NaN NaN
0.7088 NaN NaN
0.7092 NaN NaN
0.7095 NaN NaN
0.7098 NaN NaN
0.7101 NaN NaN
0.7105 NaN NaN
0.7108 NaN NaN
0.7111 NaN NaN
0.7114 NaN NaN
0.7117 NaN NaN
0.7121 NaN NaN
0.7124 NaN NaN
0.7127 NaN NaN
0.7130 NaN NaN
0.7134 NaN NaN
0.7137 NaN NaN
0.7140 NaN NaN
0.7143 NaN NaN
0.7147 NaN NaN
0.7150 NaN NaN
0.7153 NaN NaN
0.7156 NaN NaN
0.7160 NaN NaN
0.7163 NaN NaN
0.7166 NaN NaN
0.7169 NaN NaN
0.7173 NaN NaN
0.7176 NaN NaN
0.7179 NaN NaN
0.7182 NaN NaN
0.7186 NaN NaN
0.7189 NaN NaN
0.7192 NaN NaN
0.7195 NaN NaN
0.7199 NaN NaN
0.7202 NaN NaN
0.7205 NaN NaN
0.7209 NaN NaN
0.7212 NaN NaN
0.7215 NaN NaN
0.7218 NaN NaN
0.7222 NaN NaN
0.7225 NaN NaN
0.7228 NaN NaN
0.7232 NaN NaN
0.7235 NaN NaN
0.7238 NaN NaN
0.7241 NaN NaN
0.7245 NaN NaN
0.7248 NaN NaN
0.7251 NaN NaN
0.7255 NaN NaN
0.7258 NaN NaN
0.7261 NaN NaN
0.7264 NaN NaN
0.7268 NaN NaN
0.7271 NaN NaN
0.7274 NaN NaN
0.7278 NaN NaN
0.7281 NaN NaN
0.7284 NaN NaN
0.7288 NaN NaN
0.7291 NaN NaN
0.7294 NaN NaN
0.7298 NaN NaN
0.7301 NaN NaN
0.7304 NaN NaN
0.7308 NaN NaN
0.7311 NaN NaN
0.7314 NaN NaN
0.7318 NaN NaN
0.7321 NaN NaN
0.7324 NaN NaN
0.7327 NaN NaN
0.7331 NaN NaN
0.7334 NaN NaN
0.7337 NaN NaN
0.7341 NaN NaN
0.7344 NaN NaN
0.7347 NaN NaN
0.7351 NaN NaN
0.7354 NaN NaN
0.7358 NaN NaN
0.7361 NaN NaN
0.7364 NaN NaN
0.7368 NaN NaN
0.7371 NaN NaN
0.7374 NaN NaN
0.7378 NaN NaN
0.7381 NaN NaN
0.7384 NaN NaN
0.7388 NaN NaN
0.7391 NaN NaN
0.7394 NaN NaN
0.7398 NaN NaN
0.7401 NaN NaN
0.7404 NaN NaN
0.7408 NaN NaN
0.7411 NaN NaN
0.7415 NaN NaN
0.7418 NaN NaN
0.7421 NaN NaN
0.7425 NaN NaN
0.7428 NaN NaN
0.7431 NaN NaN
0.7435 NaN NaN
0.7438 NaN NaN
0.7442 NaN NaN
0.7445 NaN NaN
0.7448 NaN NaN
0.7452 NaN NaN
0.7455 NaN NaN
0.7459 NaN NaN
0.7462 NaN NaN
0.7465 NaN NaN
0.7469 NaN NaN
0.7472 NaN NaN
0.7475 NaN NaN
0.7479 NaN NaN
0.7482 NaN NaN
0.7486 NaN NaN
0.7489 NaN NaN
0.7492 NaN NaN
0.7496 NaN NaN
0.7499 NaN NaN
0.7503 NaN NaN
0.7506 NaN NaN
0.7510 NaN NaN
0.7513 NaN NaN
0.7516 NaN NaN
0.7520 NaN NaN
0.7523 NaN NaN
0.7527 NaN NaN
0.7530 NaN NaN
0.7533 NaN NaN
0.7537 NaN NaN
0.7540 NaN NaN
0.7544 NaN NaN
0.7547 NaN NaN
0.7551 NaN NaN
0.7554 NaN NaN
0.7557 NaN NaN
0.7561 NaN NaN
0.7564 NaN NaN
0.7568 NaN NaN
0.7571 NaN NaN
0.7575 NaN NaN
0.7578 NaN NaN
0.7582 NaN NaN
0.7585 NaN NaN
0.7588 NaN NaN
0.7592 NaN NaN
0.7595 NaN NaN
0.7599 NaN NaN
0.7602 NaN NaN
0.7606 NaN NaN
0.7609 NaN NaN
0.7613 NaN NaN
0.7616 NaN NaN
0.7620 NaN NaN
0.7623 NaN NaN
0.7626 NaN NaN
0.7630 NaN NaN
0.7633 NaN NaN
0.7637 NaN NaN
0.7640 NaN NaN
0.7644 NaN NaN
0.7647 NaN NaN
0.7651 NaN NaN
0.7654 NaN NaN
0.7658 NaN NaN
0.7661 NaN NaN
0.7665 NaN NaN
0.7668 NaN NaN
0.7672 NaN NaN
0.7675 NaN NaN
0.7679 NaN NaN
0.7682 NaN NaN
0.7686 NaN NaN
0.7689 NaN NaN
0.7693 NaN NaN
0.7696 NaN NaN
0.7700 NaN NaN
0.7703 NaN NaN
0.7707 NaN NaN
0.7710 NaN NaN
0.7714 NaN NaN
0.7717 NaN NaN
0.7721 NaN NaN
0.7724 NaN NaN
0.7728 NaN NaN
0.7731 NaN NaN
0.7735 NaN NaN
0.7738 NaN NaN
0.7742 NaN NaN
0.7745 NaN NaN
0.7749 NaN NaN
0.7752 NaN NaN
0.7756 NaN NaN
0.7759 NaN NaN
0.7763 NaN NaN
0.7766 NaN NaN
0.7770 NaN NaN
0.7773 NaN NaN
0.7777 NaN NaN
0.7780 NaN NaN
0.7784 NaN NaN
0.7788 NaN NaN
0.7791 NaN NaN
0.7795 NaN NaN
0.7798 NaN NaN
0.7802 NaN NaN
0.7805 NaN NaN
0.7809 NaN NaN
0.7812 NaN NaN
0.7816 NaN NaN
0.7819 NaN NaN
0.7823 NaN NaN
0.7827 NaN NaN
0.7830 NaN NaN
0.7834 NaN NaN
0.7837 NaN NaN
0.7841 NaN NaN
0.7844 NaN NaN
0.7848 NaN NaN
0.7852 NaN NaN
0.7855 NaN NaN
0.7859 NaN NaN
0.7862 NaN NaN
0.7866 NaN NaN
0.7869 NaN NaN
0.7873 NaN NaN
0.7877 NaN NaN
0.7880 NaN NaN
0.7884 NaN NaN
0.7887 NaN NaN
0.7891 NaN NaN
0.7894 NaN NaN
0.7898 NaN NaN
0.7902 NaN NaN
0.7905 NaN NaN
0.7909 NaN NaN
0.7912 NaN NaN
0.7916 NaN NaN
0.7920 NaN NaN
0.7923 NaN NaN
0.7927 NaN NaN
0.7930 NaN NaN
0.7934 NaN NaN
0.7938 NaN NaN
0.7941 NaN NaN
0.7945 NaN NaN
0.7948 NaN NaN
0.7952 NaN NaN
0.7956 NaN NaN
0.7959 NaN NaN
0.7963 NaN NaN
0.7967 NaN NaN
0.7970 NaN NaN
0.7974 NaN NaN
0.7977 NaN NaN
0.7981 NaN NaN
0.7985 NaN NaN
0.7988 NaN NaN
0.7992 NaN NaN
0.7996 NaN NaN
0.7999 NaN NaN
0.8003 NaN NaN
0.8006 NaN NaN
0.8010 NaN NaN
0.8014 NaN NaN
0.8017 NaN NaN
0.8021 NaN NaN
0.8025 NaN NaN
0.8028 NaN NaN
0.8032 NaN NaN
0.8036 NaN NaN
0.8039 NaN NaN
0.8043 NaN NaN
0.8047 NaN NaN
0.8050 NaN NaN
0.8054 NaN NaN
0.8058 NaN NaN
0.8061 NaN NaN
0.8065 NaN NaN
0.8069 NaN NaN
0.8072 NaN NaN
0.8076 NaN NaN
0.8080 NaN NaN
0.8083 NaN NaN
0.8087 NaN NaN
0.8091 NaN NaN
0.8094 NaN NaN
0.8098 0.96865  0.01496
0.8102 0.98243  0.02818
0.8105 1.00141  0.02714
0.8109 1.00580  0.03022
0.8113 1.01863  0.01436
0.8116 0.99439  0.02050
0.8120 0.99587  0.02562
0.8124 1.01652  0.01369
0.8127 1.00571  0.02200
0.8131 0.98727  0.01056
0.8135 1.00302  0.01342
0.8139 1.01179  0.01061
0.8142 0.99734  0.01965
0.8146 0.99488  0.02787
0.8150 1.01730  0.00615
0.8153 1.01929  0.00434
0.8157 1.00723  0.00772
0.8161 1.01143  0.01160
0.8164 1.01453  0.01216
0.8168 1.01456  0.00843
0.8172 1.01088  0.01376
0.8176 0.99818  0.00475
0.8179 1.00232  0.00049
0.8183 1.01270  0.00955
0.8187 1.01378  0.00660
0.8190 1.00790  0.00587
0.8194 1.00091  0.00743
0.8198 0.98858  0.01514
0.8202 0.99270  0.01694
0.8205 1.00656  0.01262
0.8209 1.00606  0.01801
0.8213 0.99189  0.01582
0.8217 1.00075  0.02277
0.8220 0.99336  0.02249
0.8224 0.99184  0.01516
0.8228 1.02039  0.02100
0.8232 1.03384  0.01511
0.8235 1.01333  0.02331
0.8239 0.99870  0.01610
0.8243 1.00529  0.00938
0.8246 1.00448  0.00588
0.8250 1.00765  0.00574
0.8254 1.00976  0.00580
0.8258 1.02972  0.01595
0.8261 1.02840  0.01477
0.8265 1.02179  0.01639
0.8269 1.02490  0.00397
0.8273 1.00777  0.01086
0.8277 0.98547  0.01008
0.8280 0.99037  0.01192
0.8284 1.00254  0.00382
0.8288 1.02102  0.01037
0.8292 1.01700  0.01164
0.8295 1.01332  0.01495
0.8299 1.01942  0.00752
0.8303 1.01091  0.00514
0.8307 1.01599  0.01204
0.8310 1.02778  0.00466
0.8314 1.02240  0.00217
0.8318 1.01657  0.00712
0.8322 1.01692  0.00483
0.8326 1.01622  0.00312
0.8329 1.00861  0.00430
0.8333 1.00920  0.00678
0.8337 1.01295  0.00938
0.8341 1.02952  0.00860
0.8345 1.02662  0.01202
0.8348 1.02175  0.01008
0.8352 1.01840  0.00776
0.8356 1.00004  0.00971
0.8360 1.00114  0.01135
0.8363 1.00992  0.00330
0.8367 1.00807  0.00320
0.8371 1.00348  0.00070
0.8375 0.99635  0.00858
0.8379 1.00038  0.01238
0.8383 1.01367  0.00493
0.8386 1.01874  0.00234
0.8390 1.01141  0.00887
0.8394 1.00388  0.00513
0.8398 1.00662  0.00718
0.8402 1.02108  0.01157
0.8405 1.01816  0.00884
0.8409 1.00732  0.00947
0.8413 1.00081  0.01057
0.8417 1.00210  0.00670
0.8421 1.00284  0.00352
0.8425 0.99658  0.00771
0.8428 0.99014  0.00301
0.8432 0.99998  0.00678
0.8436 1.00580  0.00420
0.8440 1.00835  0.00688
0.8444 1.01640  0.00521
0.8448 1.01681  0.00413
0.8451 1.01484  0.00383
0.8455 1.01091  0.00607
0.8459 1.01349  0.00627
0.8463 1.02017  0.00708
0.8467 1.01950  0.00376
0.8471 1.01341  0.01212
0.8474 1.01348  0.01832
0.8478 1.01419  0.00821
0.8482 1.00242  0.00936
0.8486 1.00496  0.01614
0.8490 1.00852  0.01202
0.8494 1.00230  0.00671
0.8498 1.00417  0.00961
0.8501 1.00696  0.00391
0.8505 1.00642  0.00273
0.8509 1.00758  0.00610
0.8513 1.01041  0.00653
0.8517 1.01690  0.00742
0.8521 1.02951  0.00350
0.8525 1.01889  0.00991
0.8529 1.01156  0.00341
0.8532 1.00696  0.00820
0.8536 1.00393  0.00822
0.8540 1.00555  0.00560
0.8544 1.00960  0.00885
0.8548 1.00194  0.01241
0.8552 1.00028  0.00591
0.8556 1.00363  0.00664
0.8560 1.00321  0.00682
0.8563 1.00488  0.00308
0.8567 1.00541  0.00456
0.8571 1.00941  0.00406
0.8575 1.00374  0.00594
0.8579 NaN NaN
0.8583 1.00346  0.00503
0.8587 1.00747  0.00532
0.8591 1.01142  0.00383
0.8595 1.01581  0.00594
0.8599 1.01723  0.00521
0.8602 1.01120  0.00542
0.8606 1.00673  0.00368
0.8610 1.00317  0.00052
0.8614 1.00712  0.00705
0.8618 1.00996  0.00982
0.8622 1.00082  0.00512
0.8626 0.99626  0.00456
0.8630 1.00146  0.00999
0.8634 1.00978  0.00324
0.8638 0.99863  0.00700
0.8642 0.99142  0.00616
0.8646 1.00220  0.00584
0.8650 0.99414  0.00831
0.8653 0.98944  0.00730
0.8657 0.99655  0.00812
0.8661 0.99402  0.00915
0.8665 1.00030  0.00779
0.8669 1.01116  0.00441
0.8673 1.00366  0.01124
0.8677 0.99389  0.00566
0.8681 0.99559  0.00674
0.8685 1.01305  0.00787
0.8689 1.00495  0.01128
0.8693 1.00063  0.00863
0.8697 1.00450  0.00571
0.8701 0.99762  0.00305
0.8705 0.99435  0.00349
0.8709 0.99443  0.00545
0.8713 1.00829  0.00322
0.8717 1.00730  0.00250
0.8721 1.00724  0.00442
0.8725 1.00171  0.00778
0.8728 1.00793  0.01227
0.8732 1.01337  0.01076
0.8736 1.00235  0.00726
0.8740 1.00354  0.00746
0.8744 1.00284  0.00598
0.8748 1.00202  0.00757
0.8752 1.01746  0.00470
0.8756 1.01876  0.00541
0.8760 1.01099  0.00770
0.8764 1.00225  0.00760
0.8768 1.00267  0.00392
0.8772 1.00241  0.00268
0.8776 1.00513  0.00880
0.8780 1.00456  0.01414
0.8784 0.99851  0.00684
0.8788 0.99176  0.00799
0.8792 0.98158  0.00293
0.8796 0.99290  0.01596
0.8800 0.99520  0.01003
0.8804 0.99486  0.00248
0.8808 0.99797  0.00061
0.8812 1.00712  0.00732
0.8816 1.01077  0.00376
0.8820 0.99846  0.00799
0.8824 0.98272  0.00506
0.8828 0.98664  0.01125
0.8832 0.99196  0.00615
0.8836 0.98349  0.01015
0.8840 0.97170  0.00541
0.8844 0.98355  0.01044
0.8848 0.99167  0.00799
0.8852 0.98649  0.00589
0.8856 0.97489  0.00362
0.8860 0.96864  0.00330
0.8864 0.97131  0.00464
0.8868 0.96733  0.01282
0.8872 0.96583  0.01263
0.8876 0.97218  0.00373
0.8881 0.97030  0.00306
0.8885 0.97168  0.00417
0.8889 0.97513  0.00231
0.8893 0.97849  0.00157
0.8897 0.98064  0.00120
0.8901 0.98253  0.00164
0.8905 0.98524  0.00077
0.8909 0.98407  0.00300
0.8913 0.99602  0.00925
0.8917 0.99922  0.01225
0.8921 0.98785  0.00848
0.8925 0.99458  0.00493
0.8929 0.99657  0.00377
0.8933 0.99066  0.00847
0.8937 0.98872  0.00769
0.8941 0.99298  0.00631
0.8945 0.98826  0.00614
0.8949 0.97623  0.00945
0.8953 0.97580  0.01324
0.8958 0.97430  0.00880
0.8962 0.97529  0.00790
0.8966 0.97781  0.01105
0.8970 0.97654  0.00904
0.8974 1.00122  0.01331
0.8978 1.01278  0.00672
0.8982 0.99639  0.01018
0.8986 0.98883  0.01190
0.8990 0.97020  0.01514
0.8994 0.97173  0.00978
0.8998 0.98045  0.00467
0.9002 0.97655  0.00369
0.9007 0.98059  0.01215
0.9011 0.98475  0.00985
0.9015 0.99515  0.00765
0.9019 0.99881  0.00555
0.9023 0.98596  0.01653
0.9027 0.99155  0.01257
0.9031 0.99985  0.00669
0.9035 1.01126  0.00983
0.9039 1.01617  0.00882
0.9043 0.99372  0.01386
0.9048 0.99650  0.00978
0.9052 0.99965  0.00313
0.9056 0.99663  0.00205
0.9060 1.00426  0.00494
0.9064 1.00954  0.00867
0.9068 1.02054  0.01040
0.9072 1.01823  0.01398
0.9076 NaN NaN
0.9080 1.02169  0.01239
0.9085 1.01744  0.00997
0.9089 1.01085  0.00619
0.9093 1.02442  0.00515
0.9097 1.02235  0.01047
0.9101 0.99650  0.00610
0.9105 0.99870  0.00869
0.9109 1.00272  0.00893
0.9114 1.00811  0.01261
0.9118 1.01395  0.00679
0.9122 1.00861  0.00079
0.9126 1.00474  0.00448
0.9130 0.99751  0.00450
0.9134 0.99541  0.00312
0.9138 0.99237  0.00525
0.9143 0.99796  0.00706
0.9147 1.00473  0.00690
0.9151 0.99810  0.00745
0.9155 0.99395  0.00466
0.9159 1.00658  0.00851
0.9163 0.99601  0.01226
0.9168 0.99034  0.00852
0.9172 1.00651  0.00423
0.9176 1.00945  0.00384
0.9180 1.00439  0.00427
0.9184 1.00336  0.00339
0.9188 1.00882  0.00496
0.9193 1.00684  0.01018
0.9197 0.99964  0.00854
0.9201 1.00562  0.00589
0.9205 1.01364  0.00635
0.9209 1.00667  0.00623
0.9214 0.99454  0.00366
0.9218 1.00126  0.00854
0.9222 1.00963  0.00612
0.9226 1.01214  0.00755
0.9230 1.02328  0.00649
0.9234 1.00840  0.01599
0.9239 1.00079  0.01324
0.9243 1.01434  0.00721
0.9247 1.00496  0.01150
0.9251 1.00429  0.01116
0.9255 0.99769  0.01053
0.9260 0.99202  0.01091
0.9264 1.01111  0.01050
0.9268 1.01514  0.00622
0.9272 1.00225  0.00457
0.9277 1.00187  0.00581
0.9281 0.99848  0.00823
0.9285 1.01314  0.01566
0.9289 1.02154  0.01039
0.9293 1.01274  0.00472
0.9298 1.00258  0.01043
0.9302 1.00412  0.00785
0.9306 1.00759  0.00640
0.9310 1.00415  0.00823
0.9315 1.01018  0.00842
0.9319 1.00333  0.01479
0.9323 1.01885  0.03260
0.9327 1.01232  0.02289
0.9331 1.00418  0.01635
0.9336 1.01603  0.01746
0.9340 0.99210  0.01783
0.9344 0.97141  0.00494
0.9348 0.96968  0.00185
0.9353 0.98861  0.01071
0.9357 0.98116  0.00388
0.9361 0.99331  0.00504
0.9365 1.00389  0.00436
0.9370 1.00244  0.00721
0.9374 0.99246  0.00760
0.9378 1.00039  0.00419
0.9383 0.99682  0.00779
0.9387 1.00082  0.00597
0.9391 1.00668  0.00315
0.9395 1.01182  0.00514
0.9400 0.99890  0.00191
0.9404 0.99979  0.00106
0.9408 1.01393  0.00622
0.9412 0.99997  0.01211
0.9417 0.99093  0.00875
0.9421 1.01623  0.00240
0.9425 1.00999  0.00567
0.9430 1.00312  0.00882
0.9434 1.00260  0.00675
0.9438 1.02107  0.00725
0.9442 1.02481  0.00476
0.9447 1.01174  0.00724
0.9451 1.02066  0.00692
0.9455 1.02607  0.00703
0.9460 1.01640  0.00568
0.9464 1.02663  0.00192
0.9468 1.02259  0.00192
0.9472 1.01192  0.00994
0.9477 1.00727  0.00982
0.9481 1.00251  0.00384
0.9485 1.00119  0.00497
0.9490 1.00524  0.00897
0.9494 1.01400  0.00517
0.9498 1.00617  0.00970
0.9503 1.01643  0.00623
0.9507 1.00827  0.00947
0.9511 1.00715  0.00945
0.9516 1.01503  0.00781
0.9520 1.01111  0.00424
0.9524 1.00633  0.00524
0.9529 1.00427  0.01095
0.9533 0.99982  0.00950
0.9537 0.99846  0.00796
0.9542 1.01367  0.00773
0.9546 1.01385  0.00669
0.9550 1.01097  0.00631
0.9555 0.99872  0.00406
0.9559 0.98589  0.01062
0.9563 1.00303  0.01320
0.9568 1.00917  0.00623
0.9572 0.99768  0.00710
0.9576 1.00855  0.00312
0.9581 1.01362  0.00257
0.9585 1.00125  0.00943
0.9589 1.00298  0.00641
0.9594 0.99862  0.01087
0.9598 0.99550  0.00604
0.9603 0.99610  0.00516
0.9607 1.03163  0.00262
0.9611 1.01865  0.00580
0.9616 1.00985  0.00529
0.9620 1.00554  0.00585
0.9624 1.00122  0.00742
0.9629 0.99555  0.00593
0.9633 1.00051  0.00606
0.9637 1.01257  0.00878
0.9642 1.01253  0.00656
0.9646 1.01091  0.00393
0.9651 1.00399  0.00429
0.9655 1.00212  0.00407
0.9659 1.01315  0.01127
0.9664 1.01082  0.01423
0.9668 0.99516  0.00625
0.9673 0.99942  0.00332
0.9677 1.00020  0.00214
0.9681 0.99865  0.00424
0.9686 0.99304  0.00628
0.9690 1.00229  0.00899
0.9695 1.00661  0.00800
0.9699 1.00418  0.00564
0.9703 0.99013  0.00459
0.9708 0.99062  0.00509
0.9712 1.00478  0.00475
0.9717 0.99044  0.00679
0.9721 0.99000  0.00656
0.9725 0.99127  0.00285
0.9730 0.99015  0.00377
0.9734 0.99341  0.00538
0.9739 0.99867  0.00364
0.9743 0.99912  0.00360
0.9748 1.00185  0.00422
0.9752 1.00369  0.00413
0.9756 0.99853  0.00695
0.9761 0.99681  0.00472
0.9765 0.99541  0.00158
0.9770 0.99884  0.00439
0.9774 0.99828  0.00469
0.9779 0.99360  0.00170
0.9783 0.99983  0.00637
0.9788 1.00507  0.00407
0.9792 1.00709  0.00499
0.9796 1.00474  0.00672
0.9801 1.00175  0.00525
0.9805 0.99893  0.00547
0.9810 1.00131  0.00406
0.9814 0.99534  0.00452
0.9819 1.00438  0.01172
0.9823 1.01120  0.00666
0.9828 1.01030  0.00419
0.9832 0.99144  0.00144
0.9837 0.99247  0.00416
0.9841 0.99325  0.00438
0.9846 0.99100  0.00497
0.9850 0.99369  0.00390
0.9855 0.99206  0.00506
0.9859 0.99042  0.00321
0.9863 0.98611  0.00210
0.9868 0.98499  0.00129
0.9872 0.98737  0.00129
0.9877 0.98525  0.00435
0.9881 0.97147  0.00053
0.9886 0.96682  0.00654
0.9890 0.97532  0.00417
0.9895 0.98277  0.00700
0.9899 0.97123  0.00124
0.9904 0.97593  0.00384
0.9908 0.98193  0.00093
0.9913 0.98155  0.00264
0.9917 0.99059  0.00611
0.9922 0.99659  0.00442
0.9926 0.99051  0.00214
0.9931 0.99188  0.00284
0.9935 0.99094  0.00332
0.9940 0.98748  0.00864
0.9944 0.98621  0.00795
0.9949 0.98693  0.00594
0.9954 0.99617  0.00159
0.9958 0.99318  0.00216
0.9963 0.99048  0.00408
0.9967 0.98772  0.00557
0.9972 0.98909  0.00543
0.9976 0.98838  0.00680
0.9981 0.97850  0.00745
0.9985 0.97296  0.00753
0.9990 0.98172  0.00437
0.9994 0.98759  0.00666
0.9999 0.99829  0.00348
1.0003 0.99636  0.00234
1.0008 0.99940  0.00270
1.0012 0.98061  0.00697
1.0017 0.97617  0.00406
1.0022 1.00270  0.00564
1.0026 1.00145  0.00534
1.0031 0.99108  0.00485
1.0035 0.99258  0.00674
1.0040 0.99840  0.00283
1.0044 0.99923  0.00295
1.0049 0.99478  0.00586
1.0054 0.94354  0.00236
1.0058 0.99585  0.00745
1.0063 1.00048  0.00353
1.0067 1.00098  0.00396
1.0072 0.98613  0.01322
1.0076 0.98865  0.00813
1.0081 0.99180  0.00549
1.0086 0.99510  0.00374
1.0090 0.98952  0.00145
1.0095 0.98707  0.00226
1.0099 0.97756  0.00762
1.0104 0.97899  0.00427
1.0109 0.99064  0.00313
1.0113 0.98947  0.00324
1.0118 0.98367  0.00513
1.0122 0.97477  0.00513
1.0127 0.96246  0.00603
1.0132 0.98310  0.00375
1.0136 0.98767  0.00395
1.0141 0.99607  0.00423
1.0145 0.99375  0.00632
1.0150 0.99185  0.00319
1.0155 0.98914  0.00432
1.0159 0.98702  0.00529
1.0164 0.99357  0.00362
1.0168 0.99328  0.00376
1.0173 0.98832  0.00216
1.0178 0.99054  0.00653
1.0182 0.99509  0.00577
1.0187 0.99074  0.00267
1.0192 1.00068  0.00330
1.0196 1.00011  0.00279
1.0201 0.99378  0.00441
1.0205 0.99022  0.00473
1.0210 0.99506  0.00914
1.0215 0.99824  0.00652
1.0219 0.99832  0.00544
1.0224 1.00620  0.00928
1.0229 1.00519  0.00587
1.0233 1.00362  0.00421
1.0238 1.00316  0.00612
1.0243 0.99807  0.00620
1.0247 0.99357  0.00462
1.0252 0.99586  0.00362
1.0257 0.99313  0.00948
1.0261 0.99441  0.01334
1.0266 0.99638  0.00570
1.0271 0.99836  0.00572
1.0275 1.00261  0.00845
1.0280 0.99401  0.00499
1.0285 0.99772  0.00180
1.0289 0.99974  0.00325
1.0294 1.00068  0.00463
1.0299 0.99292  0.00323
1.0303 0.99226  0.00263
1.0308 0.99921  0.00503
1.0313 1.00299  0.00460
1.0317 0.99135  0.00674
1.0322 0.99404  0.00715
1.0327 1.00589  0.00898
1.0331 1.01032  0.00301
1.0336 1.00727  0.00114
1.0341 1.00782  0.00333
1.0346 1.00756  0.00490
1.0350 0.99888  0.00444
1.0355 0.99733  0.00208
1.0360 0.99718  0.00236
1.0364 0.99799  0.00418
1.0369 0.99861  0.00265
1.0374 0.99842  0.00136
1.0378 1.00636  0.00409
1.0383 1.01091  0.00204
1.0388 1.00662  0.00132
1.0393 1.00705  0.00150
1.0397 1.00558  0.00353
1.0402 1.00262  0.00438
1.0407 1.00988  0.00612
1.0412 1.01197  0.00299
1.0416 1.00548  0.00341
1.0421 1.00245  0.00234
1.0426 1.00329  0.00171
1.0430 0.99941  0.00216
1.0435 0.99649  0.00088
1.0440 0.99993  0.00384
1.0445 0.99835  0.00771
1.0449 0.99133  0.00308
1.0454 1.00071  0.00617
1.0459 1.00159  0.00710
1.0464 0.99573  0.00690
1.0468 1.00612  0.00582
1.0473 1.00409  0.00468
1.0478 1.00282  0.00415
1.0483 1.01018  0.00452
1.0488 1.01193  0.00500
1.0492 1.00401  0.00529
1.0497 0.99762  0.00217
1.0502 0.99960  0.00297
1.0507 0.99845  0.00466
1.0511 0.99689  0.00349
1.0516 1.00057  0.00574
1.0521 0.99668  0.00668
1.0526 0.99187  0.00220
1.0531 1.00328  0.00655
1.0535 0.99705  0.00819
1.0540 0.98615  0.00294
1.0545 0.98950  0.00304
1.0550 0.99235  0.00336
1.0554 0.99864  0.00372
1.0559 0.99431  0.00599
1.0564 0.99124  0.00834
1.0569 0.99814  0.01105
1.0574 0.99927  0.00405
1.0578 0.99895  0.00263
1.0583 0.99397  0.00465
1.0588 0.99099  0.00294
1.0593 0.99506  0.00222
1.0598 0.99708  0.00403
1.0603 0.99520  0.00322
1.0607 0.99452  0.00273
1.0612 1.00052  0.00365
1.0617 1.00861  0.00503
1.0622 1.00542  0.00698
1.0627 0.99851  0.00369
1.0631 0.99171  0.00510
1.0636 0.99012  0.00393
1.0641 0.99874  0.00720
1.0646 1.00282  0.00497
1.0651 1.00191  0.00517
1.0656 1.00106  0.00510
1.0661 1.00690  0.00706
1.0665 1.00900  0.00962
1.0670 0.99589  0.00373
1.0675 0.99405  0.00464
1.0680 0.99638  0.00565
1.0685 0.99933  0.00422
1.0690 0.99519  0.00543
1.0694 0.99474  0.00554
1.0699 0.99318  0.00411
1.0704 1.00069  0.00818
1.0709 1.01593  0.00550
1.0714 1.01282  0.01054
1.0719 1.00495  0.00522
1.0724 1.00153  0.00490
1.0729 0.99677  0.00453
1.0733 0.99934  0.00533
1.0738 1.00158  0.00436
1.0743 1.00511  0.00370
1.0748 1.00439  0.01071
1.0753 1.00503  0.01125
1.0758 0.99866  0.00837
1.0763 0.98627  0.00929
1.0768 0.98820  0.01351
1.0773 1.00564  0.01590
1.0777 1.01247  0.01343
1.0782 1.00328  0.01195
1.0787 0.99670  0.00456
1.0792 1.00449  0.00297
1.0797 1.00487  0.00685
1.0802 1.00725  0.00511
1.0807 1.00056  0.01142
1.0812 0.99289  0.00940
1.0817 0.99633  0.00534
1.0822 0.99831  0.00776
1.0827 0.99384  0.00521
1.0831 1.01313  0.01531
1.0836 1.02334  0.00898
1.0841 1.00400  0.00569
1.0846 0.99651  0.00347
1.0851 0.99783  0.00544
1.0856 0.98921  0.00821
1.0861 0.99449  0.00832
1.0866 0.99563  0.00769
1.0871 0.98750  0.00274
1.0876 0.99315  0.00259
1.0881 1.00289  0.00802
1.0886 0.99891  0.01174
1.0891 0.99506  0.00509
1.0896 0.99857  0.00226
1.0901 0.99387  0.00286
1.0906 0.99157  0.00296
1.0910 1.00181  0.01359
1.0915 1.01713  0.01953
1.0920 1.01353  0.01088
1.0925 0.99993  0.00500
1.0930 0.99506  0.00273
1.0935 0.99439  0.00278
1.0940 1.00153  0.00648
1.0945 1.00366  0.00431
1.0950 1.00878  0.01177
1.0955 1.01234  0.00706
1.0960 1.00911  0.00297
1.0965 0.99554  0.00835
1.0970 0.98721  0.00530
1.0975 0.98839  0.00535
1.0980 0.98822  0.00491
1.0985 1.00239  0.01015
1.0990 1.00214  0.00649
1.0995 0.99874  0.00381
1.1000 0.99765  0.00409
1.1005 0.99819  0.00272
1.1010 0.99464  0.00492
1.1015 0.98376  0.00521
1.1020 0.98103  0.00570
1.1025 0.98513  0.00411
1.1030 0.99129  0.00628
1.1035 0.99056  0.00658
1.1040 0.98534  0.00603
1.1045 0.98366  0.00597
1.1050 0.97990  0.00390
1.1055 0.98549  0.01017
1.1060 0.98657  0.00851
1.1065 0.97639  0.00286
1.1070 0.98185  0.00615
1.1075 0.98215  0.00642
1.1080 0.98178  0.00663
1.1085 0.97865  0.00925
1.1090 0.97686  0.01089
1.1095 0.98385  0.01160
1.1101 0.97475  0.00428
1.1106 0.97509  0.00556
1.1111 0.97697  0.00485
1.1116 0.98098  0.00329
1.1121 0.98612  0.00195
1.1126 0.98570  0.00485
1.1131 0.97977  0.00776
1.1136 0.96954  0.01034
1.1141 0.96366  0.00315
1.1146 0.97969  0.00918
1.1151 0.98928  0.00514
1.1156 0.96866  0.00781
1.1161 0.97932  0.01191
1.1166 0.98748  0.01379
1.1171 0.97685  0.01308
1.1176 0.97293  0.00635
1.1182 0.97342  0.00596
1.1187 0.97394  0.00956
1.1192 0.95498  0.01551
1.1197 0.95230  0.01292
1.1202 0.96382  0.00959
1.1207 0.95746  0.00991
1.1212 0.94801  0.00446
1.1217 0.93608  0.00462
1.1222 0.94459  0.01820
1.1227 NaN NaN
1.1232 0.93129  0.02646
1.1238 0.94263  0.01517
1.1243 0.93459  0.00898
1.1248 0.95065  0.00685
1.1253 0.95204  0.03418
1.1258 0.93616  0.02508
1.1263 0.93247  0.01197
1.1268 0.95086  0.00867
1.1273 0.95929  0.00838
1.1278 0.93426  0.00461
1.1284 0.94594  0.00350
1.1289 0.93956  0.00321
1.1294 0.93766  0.00519
1.1299 0.93324  0.00574
1.1304 0.93348  0.00772
1.1309 0.94143  0.00269
1.1314 0.93364  0.00171
1.1320 0.93209  0.00340
1.1325 0.91412  0.00850
1.1330 0.91478  0.00972
1.1335 0.92379  0.00798
1.1340 0.90550  0.01203
1.1345 0.89093  0.01280
1.1350 NaN NaN
1.1356 0.87619  0.01891
1.1361 0.87566  0.00831
1.1366 0.87370  0.00616
1.1371 0.90639  0.00974
1.1376 0.92012  0.00547
1.1381 0.90937  0.00596
1.1387 0.90404  0.00605
1.1392 0.91570  0.00963
1.1397 0.93034  0.00657
1.1402 0.93510  0.00355
1.1407 0.93210  0.00457
1.1413 0.94001  0.00761
1.1418 0.95464  0.00283
1.1423 0.95407  0.00326
1.1428 0.95448  0.00531
1.1433 0.96084  0.00707
1.1439 0.94603  0.00288
1.1444 0.94898  0.00190
1.1449 0.96701  0.00556
1.1454 0.96353  0.00655
1.1459 0.96897  0.00561
1.1465 0.97307  0.00629
1.1470 0.96183  0.00723
1.1475 0.95941  0.00989
1.1480 0.95454  0.00556
1.1485 0.95257  0.00548
1.1491 0.95559  0.00773
1.1496 0.94691  0.01373
1.1501 0.93548  0.01020
1.1506 0.95289  0.00764
1.1512 0.95420  0.00468
1.1517 0.95158  0.00555
1.1522 0.94832  0.00759
1.1527 0.93187  0.00778
1.1532 0.92949  0.00346
1.1538 0.92548  0.00709
1.1543 0.92209  0.00829
1.1548 0.92346  0.00150
1.1553 0.91886  0.00261
1.1559 0.91555  0.00551
1.1564 0.90761  0.00461
1.1569 0.91368  0.00466
1.1574 0.90551  0.00646
1.1580 0.90065  0.00298
1.1585 0.89728  0.00356
1.1590 0.87504  0.00830
1.1596 0.84538  0.00316
1.1601 0.84447  0.00387
1.1606 0.83533  0.00456
1.1611 0.82808  0.00255
1.1617 0.83139  0.00450
1.1622 0.83809  0.00357
1.1627 0.84950  0.00543
1.1632 0.86200  0.00236
1.1638 0.86762  0.00337
1.1643 0.88193  0.00628
1.1648 0.89109  0.00542
1.1654 0.90264  0.00612
1.1659 0.91483  0.00288
1.1664 0.90772  0.00298
1.1670 0.90485  0.00165
1.1675 0.89579  0.00379
1.1680 0.90237  0.00436
1.1685 0.90523  0.00296
1.1691 0.91307  0.00565
1.1696 0.91679  0.00231
1.1701 0.91663  0.00512
1.1707 0.93694  0.00466
1.1712 0.94180  0.00327
1.1717 0.94464  0.00489
1.1723 0.94622  0.00467
1.1728 0.94710  0.00481
1.1733 0.95433  0.00710
1.1739 0.95858  0.00367
1.1744 0.95485  0.00353
1.1749 0.96042  0.00408
1.1755 0.96496  0.00537
1.1760 0.97227  0.01015
1.1765 0.98833  0.00437
1.1771 0.98306  0.00449
1.1776 0.98720  0.00637
1.1781 0.98757  0.00457
1.1787 0.99474  0.00537
1.1792 0.99504  0.00556
1.1797 0.98611  0.00315
1.1803 0.98624  0.00437
1.1808 0.99169  0.00474
1.1814 0.98843  0.00445
1.1819 0.98002  0.00631
1.1824 0.97370  0.00211
1.1830 0.95555  0.00602
1.1835 0.95646  0.00916
1.1840 0.97719  0.00255
1.1846 0.95117  0.00751
1.1851 0.95366  0.00290
1.1857 0.95045  0.00481
1.1862 0.95021  0.00255
1.1867 0.95602  0.00238
1.1873 0.95860  0.00040
1.1878 0.95386  0.00519
1.1884 0.94711  0.00617
1.1889 0.93604  0.00794
1.1894 0.93946  0.00726
1.1900 0.95275  0.00450
1.1905 0.95794  0.00435
1.1911 0.96361  0.00392
1.1916 0.95926  0.00430
1.1921 0.97877  0.00147
1.1927 0.97434  0.00357
1.1932 0.98846  0.00373
1.1938 0.98469  0.00231
1.1943 0.98718  0.00304
1.1949 0.99226  0.00097
1.1954 0.99167  0.00028
1.1959 0.99184  0.00140
1.1965 0.98901  0.00315
1.1970 0.99219  0.00476
1.1976 0.98107  0.00840
1.1981 0.97481  0.00909
1.1987 0.97340  0.01070
1.1992 0.97046  0.00657
1.1998 0.97236  0.00231
1.2003 0.97093  0.00453
1.2008 0.96489  0.00566
1.2014 0.97764  0.00468
1.2019 0.98584  0.00204
1.2025 0.98616  0.00404
1.2030 0.98728  0.00283
1.2036 0.98556  0.00528
1.2041 0.99039  0.00768
1.2047 0.99002  0.00311
1.2052 0.97774  0.00640
1.2058 0.97075  0.00987
1.2063 0.99046  0.00715
1.2069 0.99939  0.00491
1.2074 1.00107  0.00027
1.2080 0.99628  0.00572
1.2085 0.99045  0.00552
1.2091 0.98530  0.00737
1.2096 1.00341  0.00427
1.2102 1.00119  0.00348
1.2107 1.00023  0.00220
1.2113 1.00115  0.00181
1.2118 1.00668  0.00440
1.2124 1.00833  0.00584
1.2129 1.00437  0.00402
1.2135 1.00686  0.00212
1.2140 1.00439  0.00296
1.2146 1.00173  0.00317
1.2151 1.00532  0.00291
1.2157 1.00989  0.00297
1.2162 1.00547  0.00906
1.2168 1.00357  0.00724
1.2173 1.00933  0.00168
1.2179 1.00772  0.00191
1.2184 1.00718  0.00163
1.2190 1.01009  0.00636
1.2195 1.01173  0.00433
1.2201 1.01186  0.00153
1.2207 1.00576  0.00244
1.2212 1.00300  0.00251
1.2218 1.00106  0.00432
1.2223 0.99892  0.00535
1.2229 1.00129  0.00845
1.2234 1.00922  0.00701
1.2240 1.01481  0.00364
1.2245 1.01483  0.00385
1.2251 1.01279  0.00328
1.2257 1.01061  0.00466
1.2262 1.00849  0.00716
1.2268 NaN NaN
1.2273 NaN NaN
1.2279 NaN NaN
1.2284 NaN NaN
1.2290 1.00679  0.00404
1.2296 1.00702  0.00267
1.2301 1.00996  0.00396
1.2307 1.01078  0.00405
1.2312 1.00596  0.00290
1.2318 1.00114  0.00300
1.2324 1.00081  0.00331
1.2329 1.00476  0.00157
1.2335 1.00782  0.00308
1.2340 1.01158  0.00183
1.2346 1.00690  0.00605
1.2352 0.99996  0.00591
1.2357 1.00535  0.00469
1.2363 1.00914  0.00190
1.2368 1.01092  0.00352
1.2374 1.00589  0.00651
1.2380 1.00463  0.00326
1.2385 1.00846  0.00140
1.2391 1.00220  0.00458
1.2397 1.00347  0.00336
1.2402 1.00888  0.00086
1.2408 1.00884  0.00123
1.2414 1.00353  0.00333
1.2419 1.00077  0.00142
1.2425 1.00094  0.00188
1.2430 1.00573  0.00564
1.2436 1.00552  0.00771
1.2442 1.00199  0.00399
1.2447 1.00281  0.00261
1.2453 1.00342  0.00368
1.2459 1.00848  0.00601
1.2464 1.01000  0.00375
1.2470 1.00969  0.00120
1.2476 1.00489  0.00633
1.2481 0.99765  0.00202
1.2487 0.99990  0.00125
1.2493 1.00384  0.00328
1.2498 1.01081  0.00367
1.2504 1.01123  0.00456
1.2510 1.00414  0.00138
1.2515 1.00634  0.00425
1.2521 1.00502  0.00470
1.2527 1.00010  0.00231
1.2533 0.98997  0.00472
1.2538 0.99148  0.00409
1.2544 0.99427  0.00372
1.2550 0.99650  0.00706
1.2555 0.99357  0.00838
1.2561 0.99378  0.00490
1.2567 1.00038  0.00236
1.2572 1.00642  0.00797
1.2578 1.01045  0.00493
1.2584 1.00552  0.00285
1.2590 1.00053  0.00502
1.2595 1.00011  0.00419
1.2601 1.00400  0.00094
1.2607 1.00847  0.00499
1.2613 1.00506  0.00478
1.2618 0.99598  0.00315
1.2624 0.99129  0.00213
1.2630 1.00389  0.00885
1.2635 1.00287  0.00557
1.2641 0.99355  0.00117
1.2647 0.99249  0.00083
1.2653 0.98967  0.00371
1.2658 0.98869  0.00466
1.2664 0.99327  0.00372
1.2670 0.99929  0.00419
1.2676 0.99876  0.00633
1.2681 0.99972  0.00677
1.2687 0.99847  0.00596
1.2693 0.99259  0.00422
1.2699 0.99162  0.00447
1.2705 0.99165  0.00615
1.2710 0.99160  0.00170
1.2716 0.99008  0.00050
1.2722 0.99235  0.00196
1.2728 0.99140  0.00543
1.2733 0.99036  0.00781
1.2739 0.99489  0.00094
1.2745 0.99134  0.00244
1.2751 0.99041  0.00336
1.2757 0.99534  0.00345
1.2762 0.99686  0.00194
1.2768 0.99774  0.00876
1.2774 0.99604  0.00620
1.2780 0.99096  0.00423
1.2786 0.99128  0.00414
1.2791 0.98934  0.00520
1.2797 0.98668  0.00458
1.2803 0.98722  0.00392
1.2809 0.98820  0.00504
1.2815 0.99354  0.00699
1.2821 1.00007  0.01058
1.2826 0.99312  0.00983
1.2832 0.98690  0.00219
1.2838 0.98880  0.00184
1.2844 0.98786  0.00160
1.2850 0.98707  0.00216
1.2856 0.98615  0.00132
1.2861 0.98935  0.00505
1.2867 0.98987  0.00483
1.2873 0.98977  0.00270
1.2879 0.99523  0.00289
1.2885 0.99955  0.00382
1.2891 0.99400  0.00596
1.2897 0.99074  0.00204
1.2902 0.98681  0.00551
1.2908 0.98566  0.00556
1.2914 0.99334  0.00597
1.2920 0.99663  0.00550
1.2926 0.99146  0.00886
1.2932 0.98864  0.00809
1.2938 0.99261  0.00383
1.2943 0.99926  0.00552
1.2949 NaN NaN
1.2955 0.98588  0.00603
1.2961 0.98653  0.00432
1.2967 0.98391  0.00342
1.2973 0.98103  0.00335
1.2979 0.98286  0.00386
1.2985 0.97944  0.00641
1.2991 0.98292  0.00728
1.2997 0.98726  0.00296
1.3002 0.98259  0.00343
1.3008 0.98292  0.00385
1.3014 0.98136  0.00515
1.3020 0.98242  0.00829
1.3026 0.98555  0.00721
1.3032 0.97807  0.00425
1.3038 0.97690  0.00294
1.3044 0.97849  0.00164
1.3050 0.97650  0.00163
1.3056 0.97875  0.00520
1.3062 0.97644  0.00658
1.3068 0.96871  0.00256
1.3074 0.97143  0.00417
1.3079 0.97223  0.00347
1.3085 0.96370  0.00283
1.3091 0.96441  0.00590
1.3097 0.96812  0.00363
1.3103 0.96618  0.00251
1.3109 0.97048  0.00331
1.3115 0.97905  0.00422
1.3121 0.97188  0.00865
1.3127 0.96608  0.00515
1.3133 0.97281  0.00368
1.3139 0.96448  0.00535
1.3145 0.96284  0.00255
1.3151 0.95849  0.00508
1.3157 0.95410  0.00262
1.3163 0.96119  0.00349
1.3169 0.95506  0.00773
1.3175 0.94195  0.00533
1.3181 0.94119  0.00403
1.3187 0.94067  0.00382
1.3193 0.93594  0.00314
1.3199 0.93495  0.00597
1.3205 0.93012  0.00737
1.3211 0.92214  0.00274
1.3217 0.92192  0.00298
1.3223 0.92959  0.00398
1.3229 0.92347  0.00604
1.3235 0.91697  0.00316
1.3241 0.92405  0.00300
1.3247 0.92685  0.00182
1.3253 0.91525  0.00844
1.3259 0.90279  0.00071
1.3265 0.90655  0.00824
1.3271 0.90785  0.00738
1.3277 0.89965  0.00745
1.3283 0.88319  0.00639
1.3289 0.86879  0.00526
1.3295 0.86100  0.00738
1.3301 0.84400  0.01230
1.3307 0.82040  0.01185
1.3313 0.79627  0.00436
1.3319 0.79136  0.00187
1.3325 0.79877  0.00647
1.3332 0.82450  0.01365
1.3338 0.84927  0.00947
1.3344 0.86355  0.00498
1.3350 0.87798  0.00711
1.3356 0.88618  0.00510
1.3362 0.88916  0.00587
1.3368 0.90706  0.00754
1.3374 0.91178  0.00235
1.3380 0.91545  0.00774
1.3386 0.92418  0.00752
1.3392 0.93067  0.00432
1.3398 0.93142  0.00552
1.3404 0.93148  0.01147
1.3411 0.93141  0.00761
1.3417 0.93150  0.00270
1.3423 0.93485  0.00425
1.3429 0.93415  0.00287
1.3435 0.93474  0.00611
1.3441 0.93200  0.00855
1.3447 0.93379  0.01157
1.3453 0.93766  0.01105
1.3459 0.93620  0.01054
1.3465 0.93491  0.00901
1.3472 0.92873  0.00599
1.3478 NaN NaN
1.3484 0.91592  0.01853
1.3490 0.90451  0.01081
1.3496 0.91819  0.01160
1.3502 0.91667  0.02000
1.3508 0.90582  0.01673
1.3515 0.89579  0.01145
1.3521 0.88693  0.00656
1.3527 0.90950  0.01040
1.3533 0.89797  0.02164
1.3539 0.89648  0.02112
1.3545 0.89098  0.03755
1.3551 0.83908  0.03376
1.3558 0.82690  0.02849
1.3564 0.83716  0.02904
1.3570 0.88613  0.02338
1.3576 0.87405  0.02340
1.3582 0.85130  0.03927
1.3588 0.88852  0.04481
1.3595 0.88528  0.03209
1.3601 0.89255  0.03140
1.3607 0.87701  0.03689
1.3613 NaN NaN
1.3619 NaN NaN
1.3626 NaN NaN
1.3632 0.84807  0.05228
1.3638 0.87720  0.01815
1.3644 NaN NaN
1.3650 NaN NaN
1.3657 0.77935  0.05095
1.3663 0.86294  0.03490
1.3669 0.85726  0.03124
1.3675 0.87304  0.05833
1.3681 0.82686  0.14582
1.3688 0.73665  0.07830
1.3694 0.85255  0.03662
1.3700 0.89768  0.01020
1.3706 NaN NaN
1.3712 0.88890  0.07899
1.3719 0.83553  0.03435
1.3725 0.86253  0.02586
1.3731 0.87982  0.02215
1.3737 0.88180  0.01975
1.3744 0.91714  0.01750
1.3750 0.90327  0.02416
1.3756 0.91544  0.03739
1.3762 0.92108  0.03494
1.3769 0.83977  0.03623
1.3775 0.83472  0.03367
1.3781 0.86706  0.01771
1.3787 0.83827  0.04485
1.3794 0.86289  0.05096
1.3800 0.96036  0.05852
1.3806 0.85180  0.14002
1.3813 0.79487  0.08431
1.3819 0.83265  0.04048
1.3825 0.85285  0.06175
1.3831 0.80187  0.12418
1.3838 0.79655  0.07350
1.3844 0.88004  0.02917
1.3850 0.86325  0.06408
1.3857 0.83194  0.06461
1.3863 0.85286  0.03812
1.3869 0.86947  0.01005
1.3875 0.87430  0.02838
1.3882 0.87202  0.04122
1.3888 0.87066  0.00991
1.3894 0.89585  0.01291
1.3901 0.91887  0.00674
1.3907 0.89328  0.02136
1.3913 0.91405  0.03613
1.3920 0.98718  0.02909
1.3926 0.91171  0.07217
1.3932 0.87173  0.01630
1.3939 0.86450  0.02773
1.3945 0.88351  0.03643
1.3951 0.81824  0.13551
1.3958 0.75812  0.14995
1.3964 0.80748  0.08065
1.3970 0.78381  0.01998
1.3977 0.81490  0.02926
1.3983 0.83939  0.01514
1.3989 0.83142  0.00750
1.3996 0.84181  0.03432
1.4002 0.87647  0.09437
1.4009 0.78420  0.11773
1.4015 0.76724  0.08630
1.4021 0.88141  0.05380
1.4028 0.90297  0.01379
1.4034 0.88469  0.02000
1.4040 0.86404  0.00794
1.4047 0.84221  0.02084
1.4053 0.78597  0.02724
1.4060 0.81622  0.02494
1.4066 0.89795  0.02267
1.4072 0.80676  0.06308
1.4079 0.77147  0.04237
1.4085 0.84512  0.01169
1.4092 0.82243  0.03377
1.4098 0.79350  0.02772
1.4104 0.85950  0.01179
1.4111 0.83806  0.00777
1.4117 0.84208  0.00909
1.4124 0.86421  0.01188
1.4130 0.88752  0.00843
1.4136 0.90285  0.00946
1.4143 0.90101  0.01487
1.4149 0.86081  0.00959
1.4156 0.86223  0.01000
1.4162 0.90454  0.01541
1.4169 0.93216  0.00472
1.4175 0.92440  0.01130
1.4181 0.93379  0.00830
1.4188 0.94039  0.01121
1.4194 0.94250  0.01420
1.4201 0.91188  0.00967
1.4207 0.92174  0.00510
1.4214 0.92750  0.00514
1.4220 0.94109  0.00650
1.4227 0.94927  0.00210
1.4233 0.94540  0.00588
1.4240 0.90944  0.01371
1.4246 0.91973  0.01506
1.4253 0.94174  0.00699
1.4259 0.92264  0.00618
1.4266 0.92854  0.00916
1.4272 0.95027  0.00306
1.4278 0.93318  0.00516
1.4285 0.92969  0.00562
1.4291 0.92794  0.00480
1.4298 0.92645  0.00485
1.4304 0.95037  0.01783
1.4311 0.95699  0.01246
1.4317 0.95227  0.01330
1.4324 0.93943  0.01055
1.4330 0.92901  0.01024
1.4337 0.93137  0.01273
1.4344 0.90524  0.01583
1.4350 0.90757  0.02061
1.4357 0.94174  0.00690
1.4363 0.93942  0.01005
1.4370 0.95033  0.01120
1.4376 0.91560  0.02533
1.4383 0.89377  0.01805
1.4389 0.93371  0.00372
1.4396 0.90185  0.00863
1.4402 0.91087  0.00773
1.4409 0.93350  0.00742
1.4415 0.93109  0.01158
1.4422 0.93311  0.01249
1.4428 0.92781  0.01122
1.4435 0.92143  0.01016
1.4442 0.93222  0.00443
1.4448 0.93726  0.01041
1.4455 0.92015  0.03525
1.4461 0.90819  0.02557
1.4468 0.91848  0.01103
1.4474 0.93413  0.00382
1.4481 0.91808  0.01006
1.4488 0.91974  0.00448
1.4494 0.92348  0.00523
1.4501 0.93281  0.00689
1.4507 0.88523  0.01500
1.4514 0.88364  0.01025
1.4521 0.89616  0.00682
1.4527 0.90324  0.01046
1.4534 0.90994  0.00543
1.4540 0.91029  0.00291
1.4547 0.92141  0.00453
1.4554 0.91338  0.01406
1.4560 0.90751  0.01114
1.4567 0.92026  0.00433
1.4573 0.92200  0.00402
1.4580 0.91660  0.00474
1.4587 0.91315  0.00402
1.4593 0.91440  0.00584
1.4600 0.91378  0.01337
1.4607 0.91208  0.01258
1.4613 0.91385  0.00662
1.4620 0.91649  0.00650
1.4627 0.93121  0.01334
1.4633 0.91512  0.02198
1.4640 0.90497  0.00586
1.4647 0.91975  0.00935
1.4653 0.91392  0.01271
1.4660 0.90433  0.00632
1.4666 NaN NaN
1.4673 NaN NaN
1.4680 0.90025  0.00462
1.4686 0.90017  0.00767
1.4693 0.89261  0.01469
1.4700 0.89858  0.01109
1.4707 0.88410  0.02486
1.4713 0.87439  0.02043
1.4720 0.89122  0.00956
1.4727 0.87501  0.01520
1.4733 0.87295  0.00939
1.4740 0.88243  0.00766
1.4747 0.89066  0.00593
1.4753 0.88845  0.01035
1.4760 0.87552  0.01704
1.4767 0.87414  0.00949
1.4774 0.87982  0.00939
1.4780 0.86879  0.01783
1.4787 0.86477  0.01201
1.4794 0.86104  0.00923
1.4800 0.85066  0.00255
1.4807 0.84060  0.00942
1.4814 0.84309  0.00857
1.4821 0.84885  0.00819
1.4827 0.85211  0.00502
1.4834 0.85894  0.00366
1.4841 0.85144  0.01341
1.4848 0.84494  0.00966
1.4854 0.85737  0.00584
1.4861 0.85816  0.00774
1.4868 0.84835  0.00619
1.4875 0.84200  0.00736
1.4881 0.83085  0.00925
1.4888 0.84283  0.01357
1.4895 0.84831  0.00478
1.4902 0.84644  0.00638
1.4908 0.85128  0.00202
1.4915 0.84738  0.00322
1.4922 0.84573  0.00403
1.4929 0.84708  0.00195
1.4936 0.84745  0.00176
1.4942 0.84707  0.00212
1.4949 0.84247  0.00402
1.4956 0.83993  0.00328
1.4963 0.83779  0.00314
1.4970 0.83360  0.00278
1.4976 0.83186  0.00163
1.4983 0.83283  0.00255
1.4990 0.83349  0.00363
1.4997 0.83041  0.00503
1.5004 0.83011  0.00331
1.5010 0.83220  0.00205
1.5017 0.82685  0.00551
1.5024 0.81224  0.00741
1.5031 0.80913  0.00963
1.5038 0.80800  0.01000
1.5045 0.79524  0.00400
1.5051 0.79780  0.00931
1.5058 0.81457  0.00437
1.5065 0.81716  0.00405
1.5072 0.82739  0.00626
1.5079 0.83585  0.00133
1.5086 0.82852  0.00504
1.5092 0.82625  0.00252
1.5099 0.82992  0.00386
1.5106 0.83325  0.00077
1.5113 0.83130  0.00221
1.5120 0.82942  0.00306
1.5127 0.82674  0.00359
1.5134 0.82911  0.00335
1.5141 0.83299  0.00194
1.5147 0.83348  0.00308
1.5154 0.83423  0.00217
1.5161 0.83377  0.00166
1.5168 0.83237  0.00190
1.5175 0.83421  0.00089
1.5182 0.83682  0.00129
1.5189 0.83919  0.00058
1.5196 0.83495  0.00319
1.5203 0.83502  0.00286
1.5210 0.83800  0.00271
1.5216 0.83675  0.00299
1.5223 0.83690  0.00239
1.5230 0.83554  0.00352
1.5237 0.83031  0.00497
1.5244 0.83555  0.00639
1.5251 0.84124  0.00236
1.5258 0.84093  0.00230
1.5265 0.83784  0.00313
1.5272 0.83433  0.00214
1.5279 0.83749  0.00295
1.5286 0.84112  0.00258
1.5293 0.83629  0.00387
1.5300 0.83639  0.00265
1.5307 0.84034  0.00184
1.5314 0.83966  0.00234
1.5320 0.83892  0.00155
1.5327 0.83932  0.00096
1.5334 0.83784  0.00187
1.5341 0.83780  0.00265
1.5348 0.83867  0.00195
1.5355 0.83596  0.00249
1.5362 0.83726  0.00504
1.5369 0.83883  0.00402
1.5376 0.83785  0.00418
1.5383 0.84477  0.00505
1.5390 0.84380  0.00728
1.5397 0.83831  0.00407
1.5404 0.84045  0.00165
1.5411 0.83849  0.00156
1.5418 0.83434  0.00410
1.5425 0.83423  0.00401
1.5432 0.83879  0.00173
1.5439 0.84372  0.00477
1.5446 0.84461  0.00421
1.5453 0.83921  0.00207
1.5460 0.83867  0.00196
1.5467 0.83688  0.00480
1.5474 0.83559  0.00353
1.5481 0.84158  0.00272
1.5489 0.84174  0.00319
1.5496 0.83730  0.00326
1.5503 0.83485  0.00206
1.5510 0.83600  0.00269
1.5517 0.83977  0.00320
1.5524 0.84083  0.00288
1.5531 0.83651  0.00044
1.5538 0.83955  0.00315
1.5545 0.83996  0.00316
1.5552 0.84018  0.00422
1.5559 0.84261  0.00391
1.5566 0.83566  0.00496
1.5573 0.83548  0.00452
1.5580 0.84245  0.00301
1.5587 0.83715  0.00705
1.5594 0.83346  0.00276
1.5602 0.83216  0.00180
1.5609 0.83149  0.00224
1.5616 0.83542  0.00125
1.5623 0.82987  0.00417
1.5630 0.82655  0.00255
1.5637 0.82957  0.00140
1.5644 0.83200  0.00226
1.5651 0.83661  0.00276
1.5658 0.83161  0.00422
1.5665 0.82896  0.00219
1.5673 0.83236  0.00071
1.5680 0.82917  0.00423
1.5687 0.83084  0.00337
1.5694 0.83696  0.00182
1.5701 0.83681  0.00333
1.5708 0.82979  0.00143
1.5715 0.83047  0.00255
1.5723 0.83236  0.00336
1.5730 0.83116  0.00411
1.5737 0.82478  0.00237
1.5744 0.81790  0.00337
1.5751 0.81136  0.00256
1.5758 0.80594  0.00373
1.5765 0.78659  0.01904
1.5773 0.75783  0.01301
1.5780 0.77553  0.01451
1.5787 0.80618  0.01019
1.5794 0.82321  0.00443
1.5801 0.82856  0.00397
1.5809 0.83327  0.00430
1.5816 0.83664  0.00239
1.5823 0.84068  0.00456
1.5830 0.84178  0.00606
1.5837 0.84572  0.00815
1.5844 0.84774  0.00452
1.5852 0.84863  0.00547
1.5859 0.85188  0.00363
1.5866 0.85122  0.00381
1.5873 0.85176  0.00196
1.5881 0.85171  0.00173
1.5888 0.84371  0.00642
1.5895 0.84171  0.00518
1.5902 0.84867  0.00208
1.5909 0.85242  0.00272
1.5917 0.85566  0.00105
1.5924 0.85424  0.00204
1.5931 0.85141  0.00160
1.5938 0.85540  0.00685
1.5946 0.85866  0.00451
1.5953 0.86048  0.00175
1.5960 0.85039  0.00737
1.5967 0.84521  0.00724
1.5975 0.85975  0.00402
1.5982 0.85885  0.00323
1.5989 0.85730  0.00404
1.5996 0.86137  0.00434
1.6004 0.86397  0.00115
1.6011 0.86110  0.00298
1.6018 0.85896  0.00307
1.6026 0.85765  0.00230
1.6033 0.85797  0.00060
1.6040 0.85866  0.00301
1.6047 0.85867  0.00448
1.6055 0.86215  0.00291
1.6062 0.86145  0.00331
1.6069 0.86327  0.00410
1.6077 0.85923  0.00596
1.6084 0.85151  0.00220
1.6091 NaN NaN
1.6098 0.84704  0.00776
1.6106 0.86736  0.01068
1.6113 0.88050  0.00249
1.6120 0.87710  0.00218
1.6128 0.86118  0.00819
1.6135 0.86084  0.00444
1.6142 0.86482  0.00326
1.6150 0.86010  0.00621
1.6157 0.85817  0.00438
1.6164 0.85956  0.00409
1.6172 0.85798  0.00605
1.6179 0.85943  0.00470
1.6187 0.86432  0.00432
1.6194 0.85890  0.00709
1.6201 0.85313  0.00534
1.6209 0.85632  0.00578
1.6216 NaN NaN
1.6223 0.85406  0.00534
1.6231 0.85336  0.00380
1.6238 0.85087  0.00269
1.6245 0.85217  0.00347
1.6253 0.84921  0.00587
1.6260 0.84903  0.00456
1.6268 0.84294  0.00653
1.6275 0.83300  0.00244
1.6282 0.83374  0.00279
1.6290 0.83589  0.00265
1.6297 0.83256  0.00649
1.6305 0.82150  0.00420
1.6312 0.81759  0.00340
1.6319 0.81406  0.00085
1.6327 0.81602  0.00176
1.6334 0.81626  0.00186
1.6342 0.80739  0.00819
1.6349 0.80156  0.00757
1.6357 0.80205  0.00465
1.6364 0.79940  0.00088
1.6371 0.79753  0.00262
1.6379 0.79205  0.00718
1.6386 0.79093  0.00681
1.6394 0.78613  0.00853
1.6401 0.78150  0.00547
1.6409 0.78842  0.00422
1.6416 0.78125  0.00825
1.6424 0.76865  0.00532
1.6431 0.75815  0.00622
1.6439 0.75023  0.00144
1.6446 0.75030  0.00159
1.6454 0.73982  0.00745
1.6461 0.73340  0.00184
1.6468 0.72744  0.00352
1.6476 0.71402  0.01001
1.6483 0.68772  0.00761
1.6491 0.68619  0.00427
1.6498 0.68176  0.01008
1.6506 0.67408  0.00505
1.6513 0.67420  0.00297
1.6521 0.66909  0.00189
1.6528 0.67126  0.00270
1.6536 0.67009  0.00331
1.6543 0.67259  0.00531
1.6551 0.68329  0.00571
1.6559 0.68762  0.00403
1.6566 0.68699  0.00500
1.6574 0.68873  0.00439
1.6581 0.67967  0.00737
1.6589 0.66922  0.00355
1.6596 0.66505  0.00464
1.6604 0.65590  0.00590
1.6611 0.64919  0.00423
1.6619 0.64266  0.00384
1.6626 0.63144  0.00640
1.6634 0.60061  0.01563
1.6642 0.57886  0.00674
1.6649 0.57033  0.00780
1.6657 0.56788  0.00727
1.6664 0.58716  0.01036
1.6672 0.60677  0.00919
1.6679 0.63145  0.00962
1.6687 0.65447  0.01274
1.6695 0.68223  0.01440
1.6702 0.70152  0.00286
1.6710 0.71642  0.01080
1.6717 0.74221  0.00678
1.6725 0.76017  0.00567
1.6733 0.77395  0.00513
1.6740 0.77750  0.00583
1.6748 0.77736  0.00295
1.6755 0.78573  0.00458
1.6763 0.80007  0.00619
1.6771 0.80849  0.00316
1.6778 0.81165  0.00306
1.6786 0.81532  0.00223
1.6793 0.82447  0.00550
1.6801 0.83742  0.00772
1.6809 0.84607  0.00784
1.6816 0.84991  0.00350
1.6824 0.85035  0.00873
1.6832 0.84741  0.00658
1.6839 0.84206  0.00263
1.6847 0.84369  0.00279
1.6855 0.84781  0.00123
1.6862 0.85079  0.00295
1.6870 0.85248  0.00525
1.6878 0.84820  0.00590
1.6885 0.84607  0.00310
1.6893 0.84890  0.00228
1.6901 0.85006  0.00196
1.6908 0.84929  0.00194
1.6916 0.84754  0.00374
1.6924 0.84751  0.00384
1.6931 0.85103  0.00372
1.6939 0.85321  0.00312
1.6947 0.84721  0.00626
1.6954 0.83885  0.00486
1.6962 0.84821  0.00812
1.6970 0.85438  0.00532
1.6978 0.84440  0.00455
1.6985 0.84046  0.00143
1.6993 0.84589  0.00333
1.7001 0.84641  0.00590
1.7008 0.84540  0.00660
1.7016 0.84221  0.00421
1.7024 0.83688  0.00428
1.7032 0.83366  0.00412
1.7039 0.83392  0.00136
1.7047 0.83489  0.00067
1.7055 0.82956  0.00451
1.7063 0.82979  0.00528
1.7070 0.82960  0.00462
1.7078 0.81750  0.00565
1.7086 0.81213  0.00500
1.7094 0.81117  0.00333
1.7102 0.80525  0.00349
1.7109 0.79410  0.00492
1.7117 0.78877  0.00684
1.7125 0.79182  0.00694
1.7133 0.79114  0.00373
1.7140 0.77821  0.00797
1.7148 0.76387  0.00297
1.7156 0.74926  0.00828
1.7164 0.72819  0.01032
1.7172 0.70150  0.01417
1.7179 0.67197  0.01053
1.7187 0.65327  0.00602
1.7195 0.64750  0.00509
1.7203 0.66043  0.01102
1.7211 0.67904  0.01048
1.7218 0.70994  0.01188
1.7226 0.72476  0.00712
1.7234 0.74555  0.01222
1.7242 0.76298  0.00422
1.7250 0.78166  0.01227
1.7258 0.79881  0.00880
1.7265 0.81344  0.00456
1.7273 0.81997  0.00243
1.7281 0.82221  0.00396
1.7289 0.83178  0.00713
1.7297 0.84610  0.00370
1.7305 0.85247  0.00146
1.7313 0.85314  0.00142
1.7321 0.85037  0.00143
1.7328 0.85618  0.00493
1.7336 0.86916  0.00554
1.7344 0.87415  0.00371
1.7352 0.87330  0.00293
1.7360 0.89067  0.01174
1.7368 0.90385  0.00297
1.7376 0.89837  0.00196
1.7384 0.88838  0.00496
1.7391 0.88134  0.00318
1.7399 0.87796  0.00110
1.7407 0.88019  0.00164
1.7415 0.87475  0.00725
1.7423 0.87799  0.00885
1.7431 0.88793  0.00240
1.7439 0.88171  0.00442
1.7447 0.87202  0.00774
1.7455 0.86763  0.00719
1.7463 0.87169  0.00935
1.7471 0.86795  0.01109
1.7479 0.86273  0.00449
1.7487 0.87028  0.00340
1.7495 0.87578  0.00192
1.7502 0.87111  0.00398
1.7510 0.86690  0.00149
1.7518 0.86410  0.00308
1.7526 0.86185  0.00638
1.7534 0.86364  0.00617
1.7542 0.86801  0.00376
1.7550 0.86488  0.00577
1.7558 0.86102  0.00459
1.7566 0.85689  0.00644
1.7574 0.84941  0.00251
1.7582 0.85801  0.00634
1.7590 0.86226  0.00417
1.7598 0.85798  0.00425
1.7606 0.84940  0.00777
1.7614 0.84839  0.00639
1.7622 0.85364  0.00392
1.7630 0.84694  0.00552
1.7638 0.84335  0.00336
1.7646 0.84826  0.00441
1.7654 0.83415  0.01310
1.7662 0.82380  0.00834
1.7670 0.83124  0.00530
1.7678 0.82845  0.00504
1.7686 0.82219  0.00580
1.7694 0.82067  0.00637
1.7702 0.82664  0.00632
1.7711 0.83047  0.00264
1.7719 0.81909  0.00941
1.7727 0.81084  0.00538
1.7735 0.81541  0.00514
1.7743 0.80541  0.01293
1.7751 0.78349  0.01244
1.7759 0.76960  0.00476
1.7767 0.76994  0.00240
1.7775 0.77872  0.00353
1.7783 0.77248  0.01197
1.7791 0.75039  0.01226
1.7799 0.74482  0.00616
1.7807 0.74639  0.01120
1.7815 0.73267  0.01305
1.7824 0.73465  0.00910
1.7832 0.76188  0.01035
1.7840 0.76479  0.01534
1.7848 0.73832  0.01609
1.7856 0.73950  0.01648
1.7864 0.75400  0.01449
1.7872 0.75134  0.00697
1.7880 0.74481  0.00337
1.7888 0.73021  0.00709
1.7897 0.71856  0.00317
1.7905 0.69598  0.01734
1.7913 0.67986  0.01098
1.7921 0.68377  0.00403
1.7929 0.69014  0.00774
1.7937 0.70529  0.00813
1.7945 0.72661  0.01071
1.7954 0.74647  0.01493
1.7962 0.76168  0.01604
1.7970 0.77770  0.00975
1.7978 0.79282  0.00710
1.7986 0.80676  0.00732
1.7994 0.80899  0.00676
1.8003 0.81578  0.00755
1.8011 0.84278  0.01417
1.8019 0.87430  0.01386
1.8027 0.87101  0.01273
1.8035 0.86406  0.00825
1.8044 0.87183  0.00587
1.8052 0.89237  0.01838
1.8060 0.89679  0.02778
1.8068 0.87444  0.01729
1.8076 0.88857  0.00740
1.8085 0.88806  0.01313
1.8093 0.87919  0.01190
1.8101 0.88337  0.02439
1.8109 0.88927  0.02403
1.8118 0.89880  0.00793
1.8126 0.89961  0.00639
1.8134 0.87716  0.00896
1.8142 0.88008  0.01153
1.8151 0.92122  0.01793
1.8159 0.91376  0.02674
1.8167 NaN NaN
1.8175 NaN NaN
1.8184 NaN NaN
1.8192 NaN NaN
1.8200 NaN NaN
1.8208 NaN NaN
1.8217 NaN NaN
1.8225 NaN NaN
1.8233 NaN NaN
1.8241 NaN NaN
1.8250 NaN NaN
1.8258 NaN NaN
1.8266 NaN NaN
1.8275 NaN NaN
1.8283 NaN NaN
1.8291 NaN NaN
1.8300 NaN NaN
1.8308 NaN NaN
1.8316 NaN NaN
1.8325 NaN NaN
1.8333 NaN NaN
1.8341 NaN NaN
1.8350 NaN NaN
1.8358 NaN NaN
1.8366 NaN NaN
1.8375 NaN NaN
1.8383 NaN NaN
1.8391 NaN NaN
1.8400 NaN NaN
1.8408 NaN NaN
1.8416 NaN NaN
1.8425 NaN NaN
1.8433 NaN NaN
1.8442 NaN NaN
1.8450 NaN NaN
1.8458 NaN NaN
1.8467 NaN NaN
1.8475 NaN NaN
1.8483 NaN NaN
1.8492 NaN NaN
1.8500 NaN NaN
1.8509 NaN NaN
1.8517 NaN NaN
1.8525 NaN NaN
1.8534 NaN NaN
1.8542 NaN NaN
1.8551 NaN NaN
1.8559 NaN NaN
1.8568 NaN NaN
1.8576 NaN NaN
1.8585 NaN NaN
1.8593 NaN NaN
1.8601 NaN NaN
1.8610 NaN NaN
1.8618 NaN NaN
1.8627 NaN NaN
1.8635 NaN NaN
1.8644 NaN NaN
1.8652 NaN NaN
1.8661 NaN NaN
1.8669 NaN NaN
1.8678 NaN NaN
1.8686 NaN NaN
1.8695 NaN NaN
1.8703 NaN NaN
1.8712 NaN NaN
1.8720 NaN NaN
1.8729 NaN NaN
1.8737 NaN NaN
1.8746 NaN NaN
1.8754 0.87846  0.04872
1.8763 0.87549  0.04648
1.8771 NaN NaN
1.8780 0.84568  0.00853
1.8788 0.86468  0.01571
1.8797 0.90963  0.02537
1.8805 0.91154  0.02434
1.8814 0.86096  0.02130
1.8823 0.87244  0.01940
1.8831 0.91801  0.02093
1.8840 0.87052  0.04966
1.8848 0.84761  0.02160
1.8857 0.87586  0.01471
1.8865 0.87369  0.01416
1.8874 0.86803  0.01862
1.8882 0.88597  0.02072
1.8891 0.91673  0.01642
1.8900 0.89852  0.04728
1.8908 0.87294  0.04306
1.8917 0.88514  0.01992
1.8925 0.88598  0.02033
1.8934 0.87511  0.02569
1.8943 0.85348  0.02137
1.8951 0.85603  0.02379
1.8960 0.87626  0.00767
1.8968 0.88392  0.01650
1.8977 0.89991  0.01157
1.8986 0.90964  0.02063
1.8994 NaN NaN
1.9003 NaN NaN
1.9012 0.81079  0.02107
1.9020 0.87915  0.02410
1.9029 0.86234  0.02891
1.9038 0.84262  0.03096
1.9046 NaN NaN
1.9055 NaN NaN
1.9064 NaN NaN
1.9072 0.80427  0.01697
1.9081 0.82789  0.03438
1.9090 0.85622  0.01306
1.9098 0.86301  0.02118
1.9107 0.88395  0.00859
1.9116 0.83911  0.02588
1.9124 0.82554  0.03080
1.9133 0.86479  0.01878
1.9142 0.83589  0.03416
1.9150 NaN NaN
1.9159 0.82733  0.05532
1.9168 0.80464  0.06134
1.9177 0.79838  0.02388
1.9185 0.83982  0.01802
1.9194 0.87235  0.01699
1.9203 0.77917  0.06897
1.9211 0.73071  0.01043
1.9220 0.78235  0.02502
1.9229 0.82522  0.01969
1.9238 0.84764  0.01151
1.9246 0.79931  0.03253
1.9255 0.79563  0.02895
1.9264 0.84551  0.00979
1.9273 0.81836  0.02380
1.9281 0.79255  0.01397
1.9290 0.78920  0.01873
1.9299 0.79061  0.01552
1.9308 0.79745  0.01543
1.9316 0.77541  0.00832
1.9325 0.77972  0.01353
1.9334 0.80246  0.00701
1.9343 0.78559  0.01707
1.9352 0.78028  0.02288
1.9360 0.79943  0.01491
1.9369 0.78602  0.01312
1.9378 0.77642  0.00748
1.9387 0.79200  0.00795
1.9396 0.77950  0.01304
1.9404 0.77274  0.01564
1.9413 0.76887  0.01746
1.9422 0.76330  0.01078
1.9431 0.78593  0.00355
1.9440 0.78490  0.00263
1.9449 0.76829  0.01566
1.9457 0.75296  0.00891
1.9466 0.76390  0.00683
1.9475 0.76162  0.01137
1.9484 0.75634  0.00887
1.9493 0.75562  0.00677
1.9502 0.75408  0.00792
1.9511 0.76111  0.00182
1.9519 0.76393  0.00495
1.9528 0.74943  0.01698
1.9537 0.74569  0.00962
1.9546 0.75575  0.00789
1.9555 0.75832  0.00344
1.9564 0.75631  0.00214
1.9573 0.75429  0.00186
1.9582 0.75799  0.00692
1.9590 0.75525  0.00584
1.9599 0.75103  0.00364
1.9608 0.75227  0.00160
1.9617 0.75380  0.00186
1.9626 0.74347  0.01586
1.9635 0.69723  0.01388
1.9644 0.60870  0.05926
1.9653 0.51400  0.04611
1.9662 0.60011  0.07692
1.9671 0.67889  0.03437
1.9680 0.72538  0.01091
1.9689 0.73187  0.00677
1.9698 0.73272  0.00222
1.9707 0.73978  0.00880
1.9716 0.74027  0.00510
1.9724 0.73625  0.00096
1.9733 0.74121  0.00221
1.9742 0.74508  0.00279
1.9751 0.74369  0.00560
1.9760 0.72992  0.00498
1.9769 0.73368  0.00510
1.9778 0.73444  0.00776
1.9787 0.72964  0.00484
1.9796 0.72664  0.00595
1.9805 0.71617  0.00707
1.9814 0.71368  0.00285
1.9823 0.71721  0.00159
1.9832 0.71678  0.00284
1.9841 0.71546  0.00138
1.9850 0.71429  0.00202
1.9859 0.71491  0.00400
1.9868 0.71719  0.00276
1.9877 0.71704  0.00196
1.9886 0.71508  0.00335
1.9896 0.71046  0.00348
1.9905 0.71094  0.00358
1.9914 0.71601  0.00324
1.9923 0.71883  0.00108
1.9932 0.72081  0.00274
1.9941 0.71678  0.00407
1.9950 0.71064  0.00060
1.9959 0.71873  0.00537
1.9968 0.71793  0.00442
1.9977 0.71376  0.00425
1.9986 0.71191  0.00460
1.9995 0.70550  0.00636
2.0004 0.70456  0.00859
2.0013 0.71168  0.00268
2.0023 0.71942  0.00571
2.0032 0.71404  0.01631
2.0041 0.69069  0.00717
2.0050 0.69300  0.00744
2.0059 0.69796  0.00644
2.0068 0.70563  0.00431
2.0077 0.70580  0.00535
2.0086 0.69377  0.00616
2.0095 0.67799  0.00878
2.0105 0.53797  0.09214
2.0114 0.47972  0.04622
2.0123 0.54279  0.08578
2.0132 0.67962  0.01347
2.0141 0.69396  0.00533
2.0150 0.70019  0.00365
2.0159 0.70875  0.00433
2.0169 0.70643  0.00383
2.0178 0.71023  0.00606
2.0187 0.70795  0.01366
2.0196 0.69965  0.00879
2.0205 0.70968  0.00290
2.0215 0.70944  0.00428
2.0224 0.71298  0.00719
2.0233 0.72057  0.00264
2.0242 0.71918  0.00249
2.0251 0.71860  0.00386
2.0261 0.71921  0.00892
2.0270 0.71634  0.00548
2.0279 0.71729  0.00127
2.0288 0.71725  0.00138
2.0297 0.71651  0.00261
2.0307 0.71397  0.00518
2.0316 0.71303  0.00388
2.0325 0.71654  0.00198
2.0334 0.71834  0.00451
2.0344 0.71668  0.00726
2.0353 0.71667  0.00385
2.0362 0.71755  0.00228
2.0371 0.71550  0.00132
2.0381 0.71595  0.00154
2.0390 0.71674  0.00407
2.0399 0.70830  0.00820
2.0408 0.69669  0.00987
2.0418 0.70012  0.00997
2.0427 0.70431  0.00510
2.0436 0.70473  0.00214
2.0445 0.70618  0.00190
2.0455 0.71071  0.00321
2.0464 0.71159  0.00207
2.0473 0.71231  0.00393
2.0483 0.71408  0.00391
2.0492 0.70393  0.00619
2.0501 0.70004  0.00319
2.0511 0.70554  0.00111
2.0520 0.71103  0.00290
2.0529 0.71357  0.00126
2.0539 0.71181  0.00273
2.0548 0.70719  0.00431
2.0557 0.69964  0.00707
2.0567 0.69714  0.00653
2.0576 0.70349  0.00677
2.0585 0.71004  0.00132
2.0595 0.70830  0.00123
2.0604 0.70839  0.00089
2.0613 0.71020  0.00125
2.0623 0.71122  0.00106
2.0632 0.71407  0.00375
2.0642 0.71992  0.00363
2.0651 0.71619  0.00534
2.0660 0.70640  0.00279
2.0670 0.70287  0.00442
2.0679 0.69220  0.00888
2.0688 0.65982  0.02659
2.0698 0.59597  0.02125
2.0707 0.64212  0.03964
2.0717 0.70010  0.00413
2.0726 0.69741  0.00613
2.0736 0.70617  0.01074
2.0745 0.71068  0.00426
2.0754 0.70372  0.00343
2.0764 0.70431  0.00324
2.0773 0.70805  0.00219
2.0783 0.70286  0.00309
2.0792 0.70510  0.00317
2.0802 0.70645  0.00351
2.0811 0.69984  0.00574
2.0821 0.70067  0.00457
2.0830 0.70721  0.00189
2.0839 0.70933  0.00077
2.0849 0.70615  0.00316
2.0858 0.71039  0.00809
2.0868 0.71094  0.00497
2.0877 0.70752  0.00164
2.0887 0.70436  0.00466
2.0896 0.70009  0.00202
2.0906 0.70076  0.00325
2.0915 0.69923  0.00352
2.0925 0.70048  0.00313
2.0934 0.70335  0.00546
2.0944 0.70320  0.00392
2.0953 0.70259  0.00168
2.0963 0.70255  0.00165
2.0972 0.70329  0.00218
2.0982 0.70343  0.00273
2.0992 0.70355  0.00184
2.1001 0.70184  0.00130
2.1011 0.70283  0.00338
2.1020 0.69875  0.00595
2.1030 0.69410  0.00141
2.1039 0.69757  0.00269
2.1049 0.69857  0.00223
2.1058 0.69887  0.00376
2.1068 0.69678  0.00464
2.1078 0.69441  0.00129
2.1087 0.69315  0.00233
2.1097 0.68873  0.00295
2.1106 0.69095  0.00389
2.1116 0.69738  0.00391
2.1126 0.69699  0.00397
2.1135 0.69004  0.00383
2.1145 NaN NaN
2.1154 0.68917  0.00682
2.1164 0.68598  0.00424
2.1174 0.68392  0.00386
2.1183 0.68236  0.00256
2.1193 0.68033  0.00511
2.1202 0.67835  0.00379
2.1212 0.67546  0.00391
2.1222 0.66992  0.00446
2.1231 0.66836  0.00464
2.1241 0.66816  0.00205
2.1251 0.66724  0.00211
2.1260 0.66299  0.00264
2.1270 0.65842  0.00459
2.1280 0.65565  0.00394
2.1289 0.65560  0.00096
2.1299 0.65762  0.00236
2.1309 0.66012  0.00391
2.1318 0.65803  0.00493
2.1328 0.65105  0.00304
2.1338 0.64842  0.00108
2.1347 0.65265  0.00254
2.1357 0.65102  0.00311
2.1367 0.64139  0.00471
2.1377 0.63379  0.00489
2.1386 0.62966  0.00734
2.1396 0.62475  0.00325
2.1406 0.61767  0.00523
2.1416 0.61184  0.00096
2.1425 0.60767  0.00390
2.1435 0.59732  0.00638
2.1445 0.58951  0.00124
2.1454 0.58541  0.00348
2.1464 0.57313  0.00519
2.1474 0.56613  0.00269
2.1484 0.56532  0.00289
2.1494 0.57526  0.01373
2.1503 0.59349  0.00240
2.1513 0.59234  0.00177
2.1523 0.60385  0.00749
2.1533 0.61981  0.00371
2.1542 0.62575  0.00187
2.1552 0.62551  0.00269
2.1562 0.62384  0.00169
2.1572 0.62191  0.00157
2.1582 0.62821  0.00531
2.1591 0.63337  0.00234
2.1601 0.63278  0.00286
2.1611 0.63263  0.00306
2.1621 0.63329  0.00221
2.1631 0.63278  0.00256
2.1641 0.63444  0.00411
2.1650 0.64666  0.00556
2.1660 0.65384  0.00092
2.1670 0.65557  0.00462
2.1680 0.65688  0.00417
2.1690 0.65979  0.00376
2.1700 0.66515  0.00231
2.1709 0.66851  0.00127
2.1719 0.67037  0.00129
2.1729 0.67439  0.00276
2.1739 0.67303  0.00255
2.1749 0.67196  0.00149
2.1759 0.67301  0.00368
2.1769 0.67719  0.00521
2.1779 NaN NaN
2.1789 NaN NaN
2.1798 0.68268  0.00169
2.1808 0.68272  0.00149
2.1818 0.68129  0.00309
2.1828 0.68231  0.00553
2.1838 0.67814  0.00594
2.1848 0.67529  0.00385
2.1858 0.67651  0.00285
2.1868 0.67216  0.00271
2.1878 0.66731  0.00449
2.1888 0.66365  0.00773
2.1898 0.66046  0.00639
2.1908 0.64941  0.00651
2.1918 0.64265  0.00370
2.1928 0.63646  0.00745
2.1938 0.62608  0.00316
2.1948 0.61284  0.00744
2.1958 0.60043  0.00496
2.1967 0.58674  0.00689
2.1977 0.56368  0.01034
2.1987 0.54461  0.01156
2.1997 0.52469  0.00735
2.2007 0.51442  0.00581
2.2017 0.51030  0.00250
2.2027 0.51011  0.00258
2.2037 0.51849  0.00762
2.2048 0.53393  0.00447
2.2058 0.54458  0.00851
2.2068 0.58065  0.01544
2.2078 0.59672  0.00452
2.2088 0.60608  0.00678
2.2098 0.61980  0.00899
2.2108 0.63323  0.00556
2.2118 0.65241  0.00997
2.2128 0.67075  0.00348
2.2138 0.67513  0.00254
2.2148 0.67608  0.00463
2.2158 0.67616  0.00335
2.2168 0.68060  0.00430
2.2178 0.68771  0.00530
2.2188 0.70064  0.00596
2.2198 0.70050  0.00420
2.2208 0.69551  0.00226
2.2218 0.69923  0.00581
2.2229 0.70761  0.00200
2.2239 0.70863  0.00274
2.2249 0.71650  0.00475
2.2259 0.71799  0.00521
2.2269 0.71680  0.00499
2.2279 0.71894  0.00369
2.2289 0.71878  0.00335
2.2299 0.72006  0.00111
2.2310 0.71742  0.00358
2.2320 0.71899  0.00438
2.2330 0.71869  0.00263
2.2340 0.71112  0.00476
2.2350 0.70620  0.00556
2.2360 0.70988  0.00403
2.2370 0.71536  0.00251
2.2381 0.70928  0.00729
2.2391 0.70172  0.00458
2.2401 0.70596  0.00455
2.2411 0.69989  0.01046
2.2421 0.69900  0.00626
2.2432 0.70447  0.00378
2.2442 0.70392  0.00380
2.2452 0.69852  0.00316
2.2462 0.69250  0.00326
2.2472 0.68643  0.00796
2.2483 0.68705  0.00865
2.2493 0.68603  0.00646
2.2503 0.68254  0.00574
2.2513 NaN NaN
2.2523 0.66566  0.00279
2.2534 0.66969  0.00553
2.2544 0.66785  0.00617
2.2554 0.66262  0.00187
2.2564 0.66063  0.00354
2.2575 0.65468  0.00446
2.2585 0.64580  0.00506
2.2595 0.64025  0.00268
2.2606 0.64126  0.00566
2.2616 0.62919  0.01033
2.2626 0.61844  0.00367
2.2636 0.61992  0.00347
2.2647 0.60735  0.01068
2.2657 0.60621  0.00999
2.2667 0.60820  0.00572
2.2678 0.59267  0.00791
2.2688 0.58113  0.00634
2.2698 0.57562  0.00665
2.2708 0.57623  0.00670
2.2719 0.57219  0.00437
2.2729 0.56114  0.00717
2.2739 0.55806  0.00635
2.2750 0.55023  0.00667
2.2760 0.54302  0.00400
2.2770 NaN NaN
2.2781 0.53791  0.00281
2.2791 0.53730  0.00200
2.2802 0.53760  0.00149
2.2812 0.52811  0.00670
2.2822 0.51584  0.00677
2.2833 0.51348  0.00610
2.2843 0.51153  0.00217
2.2853 0.50904  0.00250
2.2864 0.50603  0.00315
2.2874 0.50296  0.00196
2.2885 0.49675  0.00747
2.2895 0.48761  0.00813
2.2905 0.48844  0.00670
2.2916 0.49019  0.00580
2.2926 0.47926  0.00427
2.2937 0.48005  0.00286
2.2947 0.48056  0.00537
2.2957 0.47968  0.00611
2.2968 0.47669  0.00540
2.2978 0.47243  0.00202
2.2989 0.46731  0.00509
2.2999 0.45945  0.00263
2.3010 0.45036  0.00567
2.3020 0.44647  0.00382
2.3031 0.44310  0.00868
2.3041 0.43009  0.00922
2.3052 0.41564  0.00803
2.3062 0.40956  0.00392
2.3073 0.40528  0.00529
2.3083 0.39849  0.00400
2.3094 0.39012  0.00712
2.3104 0.37919  0.00234
2.3115 0.37334  0.00417
2.3125 0.36877  0.00511
2.3136 0.35669  0.00617
2.3146 0.34827  0.00499
2.3157 0.33438  0.00851
2.3167 0.32125  0.00448
2.3178 0.33069  0.00888
2.3188 0.33017  0.00873
2.3199 0.32737  0.00949
2.3209 0.34098  0.00743
2.3220 0.35937  0.01030
2.3230 0.38008  0.00549
2.3241 0.39309  0.00529
2.3251 0.40545  0.00535
2.3262 0.41516  0.00474
2.3273 0.43289  0.00962
2.3283 0.44143  0.00497
2.3294 0.44863  0.00842
2.3304 0.46566  0.00629
2.3315 0.48366  0.01026
2.3326 0.48959  0.00649
2.3336 0.48731  0.00583
2.3347 0.50402  0.00822
2.3357 0.52058  0.00409
2.3368 0.52433  0.00362
2.3379 0.52712  0.00506
2.3389 0.53049  0.00570
2.3400 0.53498  0.00895
2.3411 0.53987  0.00729
2.3421 0.53266  0.00556
2.3432 0.52817  0.00232
2.3442 0.52613  0.00317
2.3453 0.51473  0.00501
2.3464 0.50611  0.00415
2.3474 0.49070  0.01320
2.3485 0.45880  0.01583
2.3496 0.41499  0.02074
2.3506 0.37524  0.01554
2.3517 0.36524  0.00823
2.3528 0.38221  0.01066
2.3539 0.41767  0.01645
2.3549 0.46128  0.01501
2.3560 0.48809  0.00455
2.3571 0.50064  0.00721
2.3581 0.51709  0.00866
2.3592 0.51968  0.00527
2.3603 0.51359  0.00346
2.3614 0.51372  0.00313
2.3624 0.50451  0.00614
2.3635 0.49037  0.00781
2.3646 0.48039  0.00879
2.3656 0.46902  0.01081
2.3667 0.44898  0.01252
2.3678 0.41454  0.01714
2.3689 0.37532  0.01423
2.3700 0.33699  0.01713
2.3710 0.30510  0.01418
2.3721 0.29657  0.00789
2.3732 0.31528  0.01242
2.3743 0.35026  0.01394
2.3753 0.38580  0.01514
2.3764 0.42024  0.01557
2.3775 0.44434  0.00486
2.3786 0.46692  0.01364
2.3797 0.49644  0.01309
2.3807 0.52464  0.01089
2.3818 0.54593  0.00925
2.3829 0.55802  0.00898
2.3840 0.55698  0.00598
2.3851 0.57696  0.01970
2.3862 0.59408  0.01090
2.3872 0.59941  0.01095
2.3883 0.62410  0.00837
2.3894 0.63917  0.01007
2.3905 0.65904  0.01271
2.3916 0.66316  0.00764
2.3927 0.65838  0.00466
2.3938 0.67236  0.00670
2.3949 0.66730  0.00968
2.3959 0.66958  0.01107
2.3970 0.66888  0.01183
2.3981 0.67174  0.01310
2.3992 0.68782  0.00224
2.4003 0.67494  0.00728
2.4014 0.67527  0.00773
2.4025 0.66494  0.01384
2.4036 0.64718  0.01264
2.4047 0.64310  0.01340
2.4058 0.65127  0.01035
2.4069 0.67210  0.00526
2.4080 0.67081  0.00605
2.4090 0.67052  0.00763
2.4101 0.67326  0.00677
2.4112 0.67140  0.01261
2.4123 0.68434  0.01120
2.4134 0.68480  0.00760
2.4145 0.68253  0.01001
2.4156 0.68108  0.01461
2.4167 0.65411  0.00554
2.4178 0.65641  0.00673
2.4189 0.61566  0.03325
2.4200 0.59894  0.02286
2.4211 0.61407  0.01187
2.4222 0.59219  0.00945
2.4233 NaN NaN
2.4244 NaN NaN
2.4255 NaN NaN
2.4266 NaN NaN
2.4277 NaN NaN
2.4288 NaN NaN
2.4299 NaN NaN
2.4310 NaN NaN
2.4321 NaN NaN
2.4333 NaN NaN
2.4344 NaN NaN
2.4355 NaN NaN
2.4366 NaN NaN
2.4377 NaN NaN
2.4388 NaN NaN
2.4399 NaN NaN
2.4410 NaN NaN
2.4421 NaN NaN
2.4432 NaN NaN
2.4443 NaN NaN
2.4454 NaN NaN
2.4466 NaN NaN
2.4477 NaN NaN
2.4488 NaN NaN
2.4499 NaN NaN
2.4510 NaN NaN
2.4521 NaN NaN
2.4532 NaN NaN
2.4544 NaN NaN
2.4555 NaN NaN
2.4566 NaN NaN
2.4577 NaN NaN
2.4588 NaN NaN
2.4599 NaN NaN
2.4611 NaN NaN
2.4622 NaN NaN
2.4633 NaN NaN
2.4644 NaN NaN
2.4655 NaN NaN
2.4667 NaN NaN
2.4678 NaN NaN
2.4689 NaN NaN
2.4700 NaN NaN
2.4711 NaN NaN
2.4723 NaN NaN
2.4734 NaN NaN
2.4745 NaN NaN
2.4756 NaN NaN
2.4768 NaN NaN
2.4779 NaN NaN
2.4790 NaN NaN
2.4801 NaN NaN
2.4813 NaN NaN
2.4824 NaN NaN
2.4835 NaN NaN
2.4847 NaN NaN
2.4858 NaN NaN
2.4869 NaN NaN
2.4880 NaN NaN
2.4892 NaN NaN
2.4903 NaN NaN
2.4914 NaN NaN
2.4926 NaN NaN
2.4937 NaN NaN
2.4948 NaN NaN
2.4960 NaN NaN
2.4971 NaN NaN
2.4982 NaN NaN
2.4994 NaN NaN
2.5005 NaN NaN
2.5016 NaN NaN
2.5028 NaN NaN
2.5039 NaN NaN
2.5051 NaN NaN
2.5062 NaN NaN
2.5073 NaN NaN
2.5085 NaN NaN
2.5096 NaN NaN
2.5108 NaN NaN
2.5119 NaN NaN
2.5130 NaN NaN
2.5142 NaN NaN
2.5153 NaN NaN
2.5165 NaN NaN
2.5176 NaN NaN
2.5188 NaN NaN
2.5199 NaN NaN
2.5210 NaN NaN
2.5222 NaN NaN
2.5233 NaN NaN
2.5245 NaN NaN
2.5256 NaN NaN
2.5268 NaN NaN
2.5279 NaN NaN
2.5291 NaN NaN
2.5302 NaN NaN
2.5314 NaN NaN
2.5325 NaN NaN
2.5337 NaN NaN
2.5348 NaN NaN
2.5360 NaN NaN
2.5371 NaN NaN
2.5383 NaN NaN
2.5394 NaN NaN
2.5406 NaN NaN
2.5418 NaN NaN
2.5429 NaN NaN
2.5441 NaN NaN
2.5452 NaN NaN
2.5464 NaN NaN
2.5475 NaN NaN
2.5487 NaN NaN
2.5499 NaN NaN
